0.05	0.0987959	-0.0477446
0.1	0.0952767	-0.0924241
0.15	0.0896213	-0.13304
0.2	0.0820553	-0.168715
0.25	0.0728447	-0.198712
0.3	0.0622887	-0.222446
0.35	0.0507117	-0.239497
0.4	0.0384547	-0.249618
0.45	0.0258669	-0.252733
0.5	0.0132968	-0.24894
0.55	0.00108386	-0.238502
0.6	-0.0104494	-0.221835
0.65	-0.021005	-0.1995
0.7	-0.0303161	-0.172178
0.75	-0.0381527	-0.140655
0.8	-0.044326	-0.105801
0.85	-0.0486927	-0.0685427
0.9	-0.0511562	-0.029841
0.95	-0.0516689	0.00933081
1	-0.0502313	0.0480128
1.05	-0.0468913	0.0852803
1.1	-0.0417415	0.120265
1.15	-0.0349162	0.152174
1.2	-0.0265871	0.180309
1.25	-0.0169582	0.204077
1.3	-0.00626016	0.223008
1.35	0.00525602	0.236757
1.4	0.0173255	0.245115
1.45	0.0296763	0.248009
1.5	0.0420362	0.245501
1.55	0.0541393	0.23778
1.6	0.0657323	0.225159
1.65	0.0765804	0.208061
1.7	0.0864724	0.187007
1.75	0.0952251	0.162596
1.8	0.102687	0.135497
1.85	0.108742	0.106422
1.9	0.113309	0.0761135
1.95	0.116345	0.0453227
2	0.117845	0.0147934
2.05	0.117841	-0.014756
2.1	0.116397	-0.0426488
2.15	0.113614	-0.0682647
2.2	0.109618	-0.091053
2.25	0.104564	-0.110544
2.3	0.0986253	-0.126358
2.35	0.0919941	-0.138213
2.4	0.0848731	-0.145929
2.45	0.0774716	-0.149427
2.5	0.0700003	-0.148736
2.55	0.0626658	-0.143983
2.6	0.0556662	-0.135389
2.65	0.0491859	-0.123264
2.7	0.0433922	-0.107997
2.75	0.038431	-0.0900428
2.8	0.0344243	-0.069909
2.85	0.0314673	-0.0481453
2.9	0.0296274	-0.0253271
2.95	0.0289424	-0.00204108
3	0.0294213	0.021129
3.05	0.0310439	0.0436164
3.1	0.0337626	0.0648849
3.15	0.0375038	0.0844408
3.2	0.0421707	0.101844
3.25	0.047646	0.116718
3.3	0.0537951	0.128756
3.35	0.0604703	0.137727
3.4	0.0675141	0.143481
3.45	0.0747636	0.14595
3.5	0.0820544	0.145146
3.55	0.089225	0.141159
3.6	0.0961199	0.134155
3.65	0.102594	0.124367
3.7	0.108515	0.11209
3.75	0.113767	0.0976696
3.8	0.118253	0.0814955
3.85	0.121894	0.063988
3.9	0.124637	0.0455886
3.95	0.126446	0.026749
4	0.127312	0.00791965
4.05	0.127245	-0.0104606
4.1	0.12628	-0.0279745
4.15	0.124469	-0.044236
4.2	0.121883	-0.0588983
4.25	0.118611	-0.0716611
4.3	0.114753	-0.082277
4.35	0.110422	-0.0905557
4.4	0.105739	-0.0963676
4.45	0.100828	-0.099645
4.5	0.0958165	-0.100383
4.55	0.0908309	-0.0986376
4.6	0.0859923	-0.0945232
4.65	0.0814153	-0.0882086
4.7	0.0772046	-0.0799116
4.75	0.0734529	-0.0698925
4.8	0.0702392	-0.0584468
4.85	0.0676267	-0.0458974
4.9	0.0656621	-0.0325858
4.95	0.0643749	-0.0188639
5	0.0637767	-0.00508463
5.05	0.0638616	0.00840633
5.1	0.064607	0.0212787
5.15	0.0659741	0.0332255
5.2	0.0679095	0.0439693
5.25	0.0703469	0.0532692
5.3	0.0732089	0.0609247
5.35	0.0764093	0.0667803
5.4	0.0798551	0.0707277
5.45	0.0834492	0.0727074
5.5	0.0870928	0.0727089
5.55	0.0906877	0.0707697
5.6	0.0941387	0.0669728
5.65	0.097356	0.0614443
5.7	0.100257	0.0543484
5.75	0.102768	0.0458832
5.8	0.104826	0.0362744
5.85	0.10638	0.0257697
5.9	0.107393	0.0146321
5.95	0.107838	0.00313329
6	0.107704	-0.00845304
6.05	0.106995	-0.0198578
6.1	0.105726	-0.0308229
6.15	0.103924	-0.0411068
6.2	0.10163	-0.0504902
6.25	0.0988937	-0.0587806
6.3	0.0957733	-0.0658161
6.35	0.0923352	-0.071469
6.4	0.088651	-0.0756476
6.45	0.084796	-0.0782975
6.5	0.0808471	-0.0794026
6.55	0.0768812	-0.0789841
6.6	0.0729732	-0.0770991
6.65	0.0691942	-0.0738388
6.7	0.0656102	-0.069325
6.75	0.0622802	-0.0637068
6.8	0.0592551	-0.0571562
6.85	0.0565769	-0.0498633
6.9	0.0542778	-0.0420315
6.95	0.0523793	-0.0338719
7	0.0508925	-0.0255984
7.05	0.0498178	-0.0174224
7.1	0.0491452	-0.00954727
7.15	0.0488548	-0.00216431
7.2	0.0489176	0.00455207
7.25	0.0492963	0.0104479
7.3	0.0499466	0.0153931
7.35	0.050818	0.0192837
7.4	0.051856	0.0220441
7.45	0.0530028	0.0236277
7.5	0.0541989	0.024018
7.55	0.0553849	0.0232275
7.6	0.0565026	0.0212971
7.65	0.0574967	0.0182946
7.7	0.0583157	0.0143118
7.75	0.0589134	0.0094621
7.8	0.0592496	0.00387727
7.85	0.0592913	-0.00229636
7.9	0.0590128	-0.00890172
7.95	0.0583966	-0.015775
8	0.0574336	-0.0227498
8.05	0.0561227	-0.0296612
8.1	0.0544712	-0.0363496
8.15	0.052494	-0.0426646
8.2	0.0502133	-0.0484682
8.25	0.0476578	-0.0536378
8.3	0.0448618	-0.0580692
8.35	0.0418646	-0.0616781
8.4	0.0387088	-0.064402
8.45	0.0354398	-0.0662011
8.5	0.0321044	-0.0670585
8.55	0.0287496	-0.0669806
8.6	0.0254215	-0.0659957
8.65	0.0221643	-0.0641534
8.7	0.0190193	-0.0615224
8.75	0.0160238	-0.0581886
8.8	0.0132105	-0.0542527
8.85	0.0106067	-0.0498272
8.9	0.00823396	-0.0450333
8.95	0.00610743	-0.0399983
9	0.00423599	-0.0348515
9.05	0.00262199	-0.029722
9.1	0.00126141	-0.0247347
9.15	0.000144158	-0.0200081
9.2	-0.000745572	-0.015651
9.25	-0.00142874	-0.0117605
9.3	-0.00193081	-0.00842001
9.35	-0.00228105	-0.00569708
9.4	-0.00251169	-0.00364267
9.45	-0.00265704	-0.00229009
9.5	-0.00275267	-0.00165468
9.55	-0.00283444	-0.00173387
9.6	-0.00293766	-0.00250769
9.65	-0.00309621	-0.0039397
9.7	-0.00334176	-0.00597826
9.75	-0.00370307	-0.00855813
9.8	-0.00420533	-0.0116024
9.85	-0.00486963	-0.0150248
9.9	-0.00571255	-0.0187315
9.95	-0.00674588	-0.0226243
10	-0.00797641	-0.0266026
