0.0315835	0.0995165	-0.0304592
0.0654487	0.0979483	-0.0619256
0.101532	0.0951341	-0.093734
0.14146	0.0907292	-0.12643
0.184903	0.0845257	-0.158512
0.231927	0.0763452	-0.188565
0.280967	0.0664449	-0.21418
0.328661	0.0557554	-0.233057
0.374921	0.0446652	-0.245417
0.419735	0.0335057	-0.251683
0.463019	0.0225775	-0.252403
0.504595	0.0121539	-0.248252
0.544131	0.00248747	-0.240058
0.576839	-0.00521189	-0.230296
0.609634	-0.0125688	-0.217952
0.643754	-0.01975	-0.202576
0.681818	-0.0270902	-0.18264
0.723396	-0.0341796	-0.157897
0.768494	-0.040639	-0.1281
0.813788	-0.0457159	-0.0957233
0.857407	-0.0491796	-0.0628739
0.899049	-0.0511276	-0.0305807
0.938336	-0.0517245	0.000205721
0.969332	-0.0513426	0.0244
1.00063	-0.0502007	0.0484962
1.03575	-0.0480317	0.0748614
1.0745	-0.0445857	0.102764
1.11644	-0.0396733	0.131138
1.16145	-0.0331344	0.158974
1.20777	-0.02517	0.184303
1.25199	-0.0165508	0.204926
1.29381	-0.00763333	0.22094
1.33291	0.00124457	0.232656
1.3648	0.00878496	0.239799
1.39673	0.0165262	0.244735
1.43234	0.0253009	0.24761
1.47123	0.0349393	0.247595
1.51293	0.0452016	0.243992
1.55722	0.0558513	0.23625
1.60403	0.0666389	0.223937
1.65344	0.077295	0.20673
1.70567	0.0875259	0.184392
1.75625	0.096232	0.159337
1.80515	0.103378	0.132574
1.85247	0.109004	0.10494
1.89822	0.113172	0.0772004
1.9423	0.115978	0.0500583
1.98452	0.117544	0.0241657
2.02449	0.118027	0.000147832
2.05621	0.117737	-0.0183284
2.08822	0.116861	-0.0362643
2.12418	0.11521	-0.0553638
2.16404	0.112606	-0.0749775
2.20747	0.108925	-0.0941878
2.25452	0.104059	-0.112132
2.3057	0.0978984	-0.127916
2.36109	0.0904479	-0.140287
2.41555	0.0825891	-0.147469
2.46916	0.074604	-0.149652
2.52209	0.0667292	-0.147124
2.57453	0.0591756	-0.140225
2.62669	0.0521296	-0.129329
2.67821	0.0458216	-0.115005
2.72764	0.0405366	-0.0983656
2.77521	0.0362838	-0.0801233
2.82102	0.0330481	-0.0609191
2.86505	0.0307933	-0.0413555
2.90715	0.029458	-0.0220066
2.94699	0.0289508	-0.00343747
2.97936	0.0290836	0.0116225
3.0119	0.0297057	0.0265699
3.04644	0.0308923	0.0420566
3.08474	0.0328218	0.0585608
3.1263	0.03561	0.0754199
3.17095	0.0393547	0.0920238
3.21879	0.0441417	0.107751
3.26863	0.0498679	0.121552
3.31881	0.056255	0.132502
3.36961	0.0632001	0.140374
3.42128	0.0705865	0.144935
3.47405	0.0782781	0.145967
3.52815	0.0861186	0.143281
3.58383	0.0939314	0.136733
3.6397	0.101303	0.126592
3.69291	0.107716	0.113963
3.74398	0.113175	0.0995001
3.79324	0.117696	0.0837614
3.84086	0.121295	0.0672608
3.88687	0.124006	0.0504759
3.9312	0.125876	0.0338501
3.97367	0.126973	0.017798
4.01396	0.127385	0.00271841
4.0468	0.127276	-0.00931177
4.0798	0.126774	-0.021034
4.11491	0.125825	-0.0329757
4.15391	0.124292	-0.0454512
4.19637	0.122094	-0.057899
4.2422	0.119161	-0.0698092
4.29165	0.115431	-0.0806658
4.34549	0.110827	-0.0899102
4.40566	0.105189	-0.0968669
4.46703	0.099123	-0.100179
4.5279	0.0930217	-0.099707
4.58857	0.0870776	-0.0956613
4.64504	0.0818528	-0.0889229
4.69828	0.0773407	-0.0802218
4.74922	0.0735062	-0.0700544
4.79828	0.0703388	-0.0588532
4.84566	0.0678277	-0.0470154
4.89139	0.0659524	-0.0349104
4.93541	0.0646794	-0.0228815
4.97754	0.0639603	-0.0112508
5.01741	0.06373	-0.000330585
5.04914	0.0638552	0.00818414
5.08114	0.0642513	0.0165219
5.1168	0.0650005	0.0254167
5.1563	0.0661894	0.034657
5.19928	0.0678792	0.043828
5.24572	0.070122	0.0525381
5.296	0.0729685	0.0603802
5.35118	0.0764903	0.0668975
5.41097	0.0806363	0.0713319
5.47104	0.0849844	0.0729471
5.5318	0.0893932	0.0716936
5.59029	0.093486	0.0678469
5.64442	0.097013	0.062138
5.69572	0.100024	0.0550076
5.74486	0.102531	0.0468048
5.79212	0.104535	0.037848
5.8376	0.106045	0.028437
5.88126	0.107079	0.018857
5.92291	0.107668	0.00938384
5.96221	0.107859	0.000295307
5.99326	0.107756	-0.00690245
6.02461	0.107426	-0.0141116
6.0594	0.106798	-0.0219676
6.09778	0.105793	-0.030355
6.13926	0.104353	-0.0389726
6.18366	0.10243	-0.0475396
6.23099	0.0999814	-0.0557719
6.28149	0.0969673	-0.06337
6.33575	0.0933414	-0.0700069
6.39506	0.089022	-0.0753029
6.46061	0.0839611	-0.0786605
6.52552	0.0788183	-0.0793748
6.59007	0.0737395	-0.0775834
6.65149	0.0690827	-0.0737179
6.70869	0.06501	-0.0684183
6.76319	0.0614497	-0.062057
6.8157	0.0583743	-0.0549314
6.86658	0.0557704	-0.047309
6.91604	0.0536241	-0.0394336
6.96415	0.0519165	-0.031527
7.01093	0.0506227	-0.0237889
7.05635	0.049711	-0.0163965
7.10025	0.0491436	-0.00950442
7.14237	0.0488765	-0.00324716
7.18221	0.0488582	0.00225335
7.21866	0.0490256	0.00685962
7.25454	0.0493463	0.0109409
7.29534	0.0498774	0.0149781
7.34097	0.0506483	0.0186645
7.39255	0.0516949	0.0217077
7.4535	0.0530874	0.0236937
7.51459	0.0545505	0.0239068
7.56435	0.055717	0.0227854
7.61427	0.0568029	0.0205431
7.66147	0.0577032	0.0174606
7.70637	0.0584063	0.0137356
7.74916	0.0589065	0.00954559
7.78979	0.0592049	0.0050659
7.82798	0.0593118	0.000480038
7.85831	0.0592684	-0.00337372
7.88889	0.0591038	-0.007411
7.92207	0.0587834	-0.0119182
7.95859	0.0582561	-0.0169763
7.99789	0.0574812	-0.0224607
8.03966	0.0564217	-0.0282503
8.08376	0.0550436	-0.0342159
8.13015	0.0533159	-0.0402158
8.1789	0.05121	-0.0460938
8.23021	0.0486987	-0.0516781
8.28446	0.0457528	-0.0567792
8.34236	0.0423324	-0.0611844
8.40537	0.0383608	-0.0646407
8.46775	0.0342595	-0.0666131
8.52886	0.0301658	-0.0671251
8.58901	0.026147	-0.0662857
8.64849	0.0222602	-0.0642183
8.70758	0.0185536	-0.0610563
8.7661	0.0150958	-0.0569779
8.8225	0.0120107	-0.0523103
8.87724	0.00928384	-0.0472486
8.93064	0.00690047	-0.041963
8.98294	0.00484576	-0.0366079
9.03427	0.00310247	-0.031322
9.08476	0.00165026	-0.0262283
9.12811	0.000604781	-0.0220336
9.16434	-0.000132603	-0.0187128
9.19544	-0.000672405	-0.0160271
9.22696	-0.00113705	-0.0134866
9.26019	-0.00154374	-0.01103
9.29491	-0.00188596	-0.00873054
9.33055	-0.00215955	-0.00667763
9.36676	-0.00236867	-0.00493071
9.40335	-0.0025223	-0.00352922
9.4402	-0.00263218	-0.0024987
9.47727	-0.00271166	-0.00185461
9.51457	-0.00277494	-0.00160529
9.55215	-0.00283683	-0.00175434
9.58615	-0.00290361	-0.00222728
9.61974	-0.00299056	-0.00299903
9.65421	-0.00311193	-0.00409141
9.68994	-0.00328281	-0.00552504
9.72705	-0.0035202	-0.00731484
9.76562	-0.00384287	-0.00946654
9.80564	-0.00427109	-0.0119751
9.84713	-0.00482623	-0.0148237
9.89009	-0.00553032	-0.0179832
9.93455	-0.00640562	-0.0214121
9.98056	-0.00747421	-0.0250559
10.0282	-0.00875759	-0.0288477
