0.05	0.0975541	-0.0489184
0.1	0.0928205	-0.0946712
0.15	0.0860094	-0.136222
0.2	0.0773764	-0.17266
0.25	0.0672153	-0.203223
0.3	0.0558499	-0.227307
0.35	0.0436257	-0.244485
0.4	0.0309004	-0.254505
0.45	0.0180355	-0.2573
0.5	0.00538645	-0.25298
0.55	-0.00670506	-0.24183
0.6	-0.0179199	-0.224296
0.65	-0.0279683	-0.200969
0.7	-0.0365968	-0.172569
0.75	-0.0435929	-0.139923
0.8	-0.0487898	-0.103939
0.85	-0.0520691	-0.0655856
0.9	-0.0533624	-0.0258647
0.95	-0.0526516	0.0142142
1	-0.0499687	0.0536579
1.05	-0.0453931	0.0915133
1.1	-0.0390486	0.126889
1.15	-0.0310998	0.158977
1.2	-0.0217463	0.187068
1.25	-0.0112179	0.210569
1.3	0.000232665	0.229012
1.35	0.012336	0.242066
1.4	0.024813	0.249541
1.45	0.0373825	0.25139
1.5	0.0497677	0.247703
1.55	0.061703	0.238707
1.6	0.0729405	0.224751
1.65	0.0832555	0.206299
1.7	0.0924511	0.183912
1.75	0.100363	0.158233
1.8	0.106861	0.129966
1.85	0.111854	0.0998613
1.9	0.115289	0.0686925
1.95	0.117151	0.0372391
2	0.117464	0.00626651
2.05	0.116289	-0.023491
2.1	0.113722	-0.0513474
2.15	0.109888	-0.0766802
2.2	0.104941	-0.0989431
2.25	0.0990571	-0.117678
2.3	0.0924309	-0.132523
2.35	0.0852698	-0.143221
2.4	0.0777888	-0.149621
2.45	0.0702048	-0.15168
2.5	0.0627316	-0.149463
2.55	0.0555747	-0.14314
2.6	0.048926	-0.132974
2.65	0.0429601	-0.119318
2.7	0.0378299	-0.102603
2.75	0.0336638	-0.083323
2.8	0.0305626	-0.0620235
2.85	0.0285983	-0.0392864
2.9	0.0278126	-0.0157143
2.95	0.0282168	0.00808457
3	0.0297923	0.0315113
3.05	0.0324919	0.0539912
3.1	0.0362413	0.074987
3.15	0.0409418	0.094011
3.2	0.0464736	0.110637
3.25	0.0526989	0.124506
3.3	0.0594659	0.135339
3.35	0.0666128	0.142937
3.4	0.073972	0.147184
3.45	0.0813745	0.148051
3.5	0.0886542	0.145593
3.55	0.0956513	0.139942
3.6	0.102217	0.131308
3.65	0.108215	0.119966
3.7	0.113528	0.106251
3.75	0.118055	0.0905457
3.8	0.121718	0.073272
3.85	0.124462	0.0548785
3.9	0.126254	0.0358291
3.95	0.127083	0.0165918
4	0.126965	-0.00237316
4.05	0.125934	-0.0206238
4.1	0.124046	-0.0377464
4.15	0.121378	-0.0533652
4.2	0.11802	-0.0671499
4.25	0.114079	-0.0788229
4.3	0.109671	-0.0881644
4.35	0.10492	-0.0950169
4.4	0.0999559	-0.0992869
4.45	0.0949086	-0.100946
4.5	0.0899071	-0.10003
4.55	0.0850752	-0.096638
4.6	0.080529	-0.0909249
4.65	0.076374	-0.0831002
4.7	0.072703	-0.0734194
4.75	0.0695941	-0.0621775
4.8	0.0671091	-0.0497001
4.85	0.0652923	-0.0363353
4.9	0.0641701	-0.0224445
4.95	0.0637505	-0.00839265
5	0.0640235	0.00546009
5.05	0.0649619	0.0187676
5.1	0.0665222	0.0312056
5.15	0.0686461	0.0424796
5.2	0.0712627	0.0523306
5.25	0.0742897	0.0605413
5.3	0.0776367	0.0669401
5.35	0.0812069	0.0714039
5.4	0.0848999	0.0738602
5.45	0.0886143	0.0742877
5.5	0.0922501	0.0727149
5.55	0.095711	0.0692188
5.6	0.0989071	0.0639212
5.65	0.101756	0.0569848
5.7	0.104187	0.0486083
5.75	0.106138	0.0390201
5.8	0.107561	0.0284728
5.85	0.108423	0.0172355
5.9	0.108703	0.00558777
5.95	0.108393	-0.00618816
6	0.107502	-0.0178138
6.05	0.106051	-0.0290211
6.1	0.104073	-0.0395589
6.15	0.101614	-0.0491983
6.2	0.0987266	-0.0577377
6.25	0.0954763	-0.0650074
6.3	0.0919327	-0.0708723
6.35	0.0881709	-0.0752349
6.4	0.0842691	-0.0780365
6.45	0.0803062	-0.0792577
6.5	0.0763603	-0.0789183
6.55	0.0725065	-0.0770753
6.6	0.0688155	-0.0738212
6.65	0.0653514	-0.0692805
6.7	0.0621711	-0.063606
6.75	0.0593224	-0.0569744
6.8	0.0568434	-0.0495813
6.85	0.0547616	-0.0416361
6.9	0.0530937	-0.0333565
6.95	0.0518456	-0.0249627
7	0.051012	-0.0166721
7.05	0.0505773	-0.00869422
7.1	0.050516	-0.00122543
7.15	0.0507938	0.00555534
7.2	0.0513683	0.0114906
7.25	0.0521907	0.0164478
7.3	0.0532068	0.0203215
7.35	0.0543586	0.0230358
7.4	0.0555858	0.0245453
7.45	0.0568276	0.024835
7.5	0.0580236	0.0239208
7.55	0.059116	0.0218474
7.6	0.0600503	0.0186871
7.65	0.0607772	0.0145371
7.7	0.061253	0.0095165
7.75	0.0614412	0.00376283
7.8	0.0613126	-0.00257164
7.85	0.0608464	-0.00932411
7.9	0.0600301	-0.0163254
7.95	0.0588599	-0.0234045
8	0.0573403	-0.0303922
8.05	0.055484	-0.0371258
8.1	0.0533114	-0.0434525
8.15	0.0508497	-0.0492333
8.2	0.0481324	-0.0543456
8.25	0.0451981	-0.0586859
8.3	0.0420895	-0.0621721
8.35	0.0388523	-0.0647448
8.4	0.0355339	-0.0663683
8.45	0.0321823	-0.0670307
8.5	0.0288451	-0.0667438
8.55	0.025568	-0.0655422
8.6	0.0223939	-0.0634818
8.65	0.019362	-0.060638
8.7	0.0165069	-0.0571034
8.75	0.0138576	-0.052985
8.8	0.0114376	-0.048401
8.85	0.00926366	-0.0434783
8.9	0.00734624	-0.0383484
8.95	0.00568901	-0.0331446
9	0.00428909	-0.0279983
9.05	0.00313728	-0.0230363
9.1	0.00221842	-0.0183771
9.15	0.00151197	-0.014129
9.2	0.000992623	-0.010387
9.25	0.00063105	-0.00723146
9.3	0.000394758	-0.00472585
9.35	0.000248954	-0.00291606
9.4	0.000157475	-0.00182958
9.45	8.37137e-05	-0.00147524
9.5	-8.46263e-06	-0.00184353
9.55	-0.000153826	-0.00290726
9.6	-0.000384959	-0.00462267
9.65	-0.000731506	-0.00693094
9.7	-0.0012195	-0.00975995
9.75	-0.00187083	-0.0130264
9.8	-0.00270274	-0.0166383
9.85	-0.0037276	-0.0204971
9.9	-0.00495262	-0.0245005
9.95	-0.00637988	-0.0285451
10	-0.00800632	-0.0325288
