0.05	0.0493888	-0.0244
0.1	0.04757	-0.0482033
0.15	0.0445881	-0.0708282
0.2	0.0405161	-0.0917212
0.25	0.0354534	-0.110372
0.3	0.0295239	-0.126324
0.35	0.0228726	-0.139187
0.4	0.0156621	-0.148647
0.45	0.00806858	-0.154473
0.5	0.000277823	-0.156522
0.55	-0.00751973	-0.154744
0.6	-0.0151334	-0.149183
0.65	-0.0223771	-0.139974
0.7	-0.0290737	-0.127343
0.75	-0.0350594	-0.111598
0.8	-0.0401879	-0.0931249
0.85	-0.0443338	-0.0723748
0.9	-0.0473958	-0.0498552
0.95	-0.049299	-0.0261166
1	-0.0499968	-0.00173942
1.05	-0.0494722	0.0226802
1.1	-0.047738	0.0465454
1.15	-0.0448367	0.0692725
1.2	-0.0408391	0.0903059
1.25	-0.035843	0.109131
1.3	-0.0299705	0.125289
1.35	-0.0233653	0.138382
1.4	-0.0161887	0.148093
1.45	-0.00861642	0.154183
1.5	-0.000833434	0.156503
1.55	0.00696993	0.154996
1.6	0.0146029	0.1497
1.65	0.0218788	0.140744
1.7	0.0286198	0.128346
1.75	0.034661	0.112811
1.8	0.0398548	0.0945171
1.85	0.0440741	0.0739125
1.9	0.0472158	0.0515008
1.95	0.0492031	0.0278299
2	0.0499874	0.00347862
2.05	0.0495496	-0.0209577
2.1	0.0479002	-0.0448817
2.15	0.0450797	-0.0677083
2.2	0.041157	-0.0888794
2.25	0.0362281	-0.107877
2.3	0.0304133	-0.124238
2.35	0.023855	-0.137561
2.4	0.0167134	-0.14752
2.45	0.0091632	-0.153873
2.5	0.00138894	-0.156464
2.55	-0.00641927	-0.155229
2.6	-0.0140705	-0.150198
2.65	-0.0213778	-0.141496
2.7	-0.0281623	-0.129334
2.75	-0.0342583	-0.114009
2.8	-0.0395167	-0.0958975
2.85	-0.0438089	-0.0754411
2.9	-0.04703	-0.0531401
2.95	-0.0491012	-0.0295399
3	-0.0499719	-0.00521738
3.05	-0.0496208	0.0192326
3.1	-0.0480565	0.0432124
3.15	-0.0453172	0.0661357
3.2	-0.0414699	0.0874419
3.25	-0.0366087	0.10661
3.3	-0.0308524	0.123172
3.35	-0.0243418	0.136722
3.4	-0.017236	0.146929
3.45	-0.00970884	0.153544
3.5	-0.00194427	0.156405
3.55	0.00586783	0.155442
3.6	0.0135365	0.150678
3.65	0.0208741	0.14223
3.7	0.0277014	0.130305
3.75	0.0338514	0.115194
3.8	0.0391738	0.0972661
3.85	0.0435383	0.0769603
3.9	0.0468384	0.0547728
3.95	0.0489932	0.0312461
4	0.0499502	0.0069555
4.05	0.0496859	-0.0175052
4.1	0.0482068	-0.0415379
4.15	0.0455491	-0.064555
4.2	0.0417777	-0.0859937
4.25	0.0369848	-0.10533
4.3	0.0312877	-0.122091
4.35	0.0248256	-0.135867
4.4	0.0177565	-0.14632
4.45	0.0102533	-0.153197
4.5	0.00249936	-0.156328
4.55	-0.00531566	-0.155636
4.6	-0.0130007	-0.15114
4.65	-0.0203679	-0.142948
4.7	-0.0272371	-0.13126
4.75	-0.0334403	-0.116364
4.8	-0.038826	-0.0986227
4.85	-0.0432623	-0.07847
4.9	-0.0466409	-0.0563987
4.95	-0.0488792	-0.0329485
5	-0.0499223	-0.00869274
5.05	-0.0497449	0.0157756
5.1	-0.0483512	0.0398582
5.15	-0.0457753	0.0629663
5.2	-0.0420803	0.0845348
5.25	-0.0373564	0.104037
5.3	-0.0317191	0.120995
5.35	-0.0253063	0.134994
5.4	-0.0182748	0.145693
5.45	-0.0107964	0.15283
5.5	-0.00305414	0.156231
5.55	0.00476284	0.155811
5.6	0.0124634	0.151582
5.65	0.0198592	0.143647
5.7	0.0267694	0.1322
5.75	0.0330251	0.11752
5.8	0.0384734	0.0999671
5.85	0.042981	0.07997
5.9	0.0464378	0.0580177
5.95	0.0487591	0.0346469
6	0.0498883	0.0104289
6.05	0.0497977	-0.014044
6.1	0.0484896	-0.0381736
6.15	0.0459959	-0.0613698
6.2	0.0423777	-0.0830655
6.25	0.0377233	-0.10273
6.3	0.0321466	-0.119883
6.35	0.0257839	-0.134105
6.4	0.0187908	-0.145048
6.45	0.0113383	-0.152445
6.5	0.00360854	-0.156115
6.55	-0.00420943	-0.155967
6.6	-0.0119245	-0.152006
6.65	-0.019348	-0.144329
6.7	-0.0262984	-0.133122
6.75	-0.0326059	-0.118661
6.8	-0.0381161	-0.101299
6.85	-0.0426944	-0.0814602
6.9	-0.0462288	-0.0596295
6.95	-0.048633	-0.0363409
7	-0.0498481	-0.0121638
7.05	-0.0498444	0.0123107
7.1	-0.048622	0.0364843
7.15	-0.0462109	0.0597658
7.2	-0.0426698	0.081586
7.25	-0.0380856	0.101411
7.3	-0.0325701	0.118757
7.35	-0.0262583	0.1332
7.4	-0.0193045	0.144385
7.45	-0.0118787	0.152041
7.5	-0.00416249	0.155979
7.55	0.0036555	0.156103
7.6	0.0113841	0.152411
7.65	0.0188344	0.144993
7.7	0.0258242	0.134029
7.75	0.0321825	0.119788
7.8	0.0377541	0.102619
7.85	0.0424025	0.0829403
7.9	0.0460142	0.0612339
7.95	0.0485009	0.0380304
8	0.0498017	0.0138971
8.05	0.0498849	-0.010576
8.1	0.0487484	-0.0347905
8.15	0.0464201	-0.0581543
8.2	0.0429567	-0.0800964
8.25	0.0384431	-0.10008
8.3	0.0329896	-0.117617
8.35	0.0267295	-0.132278
8.4	0.0198158	-0.143705
8.45	0.0124177	-0.151618
8.5	0.00471593	-0.155824
8.55	-0.00310113	-0.156221
8.6	-0.0108424	-0.152798
8.65	-0.0183185	-0.145639
8.7	-0.0253467	-0.134919
8.75	-0.0317553	-0.1209
8.8	-0.0373874	-0.103926
8.85	-0.0421054	-0.0844101
8.9	-0.0457939	-0.0628308
8.95	-0.0483628	-0.0397153
9	-0.0497492	-0.0156288
9.05	-0.0499193	0.00883986
9.1	-0.0488688	0.0330924
9.15	-0.0466235	0.0565358
9.2	-0.0432383	0.0785969
9.25	-0.0387959	0.0987363
9.3	-0.033405	0.116462
9.35	-0.0271973	0.131339
9.4	-0.0203247	0.143006
9.45	-0.0129551	0.151176
9.5	-0.00526878	0.15565
9.55	0.00254637	0.156319
9.6	0.0102993	0.153165
9.65	0.0178003	0.146267
9.7	0.0248662	0.135792
9.75	0.0313241	0.121997
9.8	0.0370161	0.10522
9.85	0.041803	0.0858695
9.9	0.0455679	0.0644199
9.95	0.0482187	0.0413952
10	0.0496906	0.0173585
