0.05	0.048775	-0.0245
0.1	0.046355	-0.0483998
0.15	0.0427993	-0.0711137
0.2	0.0381951	-0.0920854
0.25	0.032655	-0.110801
0.3	0.0263149	-0.126802
0.35	0.0193301	-0.139696
0.4	0.0118717	-0.149168
0.45	0.00412245	-0.154985
0.5	-0.0037278	-0.157005
0.55	-0.0114867	-0.155178
0.6	-0.0189642	-0.14955
0.65	-0.0259771	-0.140258
0.7	-0.0323535	-0.127529
0.75	-0.0379373	-0.111675
0.8	-0.0425916	-0.0930862
0.85	-0.0462024	-0.0722163
0.9	-0.0486813	-0.0495771
0.95	-0.0499675	-0.0257233
1	-0.0500294	-0.00123923
1.05	-0.0488657	0.0232752
1.1	-0.0465047	0.0472194
1.15	-0.0430044	0.0700067
1.2	-0.0384504	0.0910788
1.25	-0.0329544	0.10992
1.3	-0.0266511	0.126067
1.35	-0.0196948	0.139126
1.4	-0.0122559	0.148777
1.45	-0.00451684	0.154782
1.5	0.00333293	0.156995
1.55	0.011101	0.155362
1.6	0.0185972	0.149923
1.65	0.0256377	0.14081
1.7	0.0320501	0.128248
1.75	0.0376772	0.112543
1.8	0.0423813	0.0940812
1.85	0.046047	0.0733144
1.9	0.0485846	0.0507514
1.95	0.0499318	0.026945
2	0.0500557	0.00247838
2.05	0.0489533	-0.0220489
2.1	0.0466515	-0.046036
2.15	0.0432067	-0.0688953
2.2	0.0387034	-0.0900666
2.25	0.0332518	-0.109031
2.3	0.0269856	-0.125325
2.35	0.0200582	-0.138548
2.4	0.0126394	-0.148376
2.45	0.00491095	-0.154569
2.5	-0.00293784	-0.156976
2.55	-0.0107147	-0.155536
2.6	-0.018229	-0.150286
2.65	-0.0252966	-0.141354
2.7	-0.0317446	-0.128958
2.75	-0.0374148	-0.113404
2.8	-0.0421683	-0.0950704
2.85	-0.0458887	-0.074408
2.9	-0.0484848	-0.0519225
2.95	-0.049893	-0.028165
3	-0.0500789	-0.00371737
3.05	-0.0490379	0.0208213
3.1	-0.0467954	0.0448498
3.15	-0.0434064	0.0677796
3.2	-0.0389539	0.0890487
3.25	-0.0335471	0.108136
3.3	-0.0273184	0.124574
3.35	-0.0204204	0.13796
3.4	-0.0130221	0.147966
3.45	-0.00530475	0.154347
3.5	0.00254257	0.156946
3.55	0.0103276	0.155701
3.6	0.0178596	0.15064
3.65	0.024954	0.141889
3.7	0.0314371	0.129661
3.75	0.03715	0.114257
3.8	0.0419527	0.0960537
3.85	0.0457275	0.0754969
3.9	0.048382	0.0530904
3.95	0.0498512	0.0293832
4	0.050099	0.00495614
4.05	0.0491194	-0.0195924
4.1	0.0469363	-0.0436609
4.15	0.0436033	-0.0666597
4.2	0.0392021	-0.0880253
4.25	0.0338404	-0.107234
4.3	0.0276496	-0.123816
4.35	0.0207813	-0.137364
4.4	0.013404	-0.147547
4.45	0.00569822	-0.154115
4.5	-0.00214715	-0.156907
4.55	-0.00993991	-0.155855
4.6	-0.0174891	-0.150985
4.65	-0.0246099	-0.142415
4.7	-0.0311277	-0.130356
4.75	-0.0368829	-0.115104
4.8	-0.0417344	-0.0970309
4.85	-0.0455635	-0.0765811
4.9	-0.0482762	-0.054255
4.95	-0.0498062	-0.0305996
5	-0.0501159	-0.00619459
5.05	-0.0491978	0.0183622
5.1	-0.0470744	0.0424691
5.15	-0.0437976	0.0655356
5.2	-0.0394478	0.0869964
5.25	-0.0341315	0.106326
5.3	-0.027979	0.12305
5.35	-0.021141	0.13676
5.4	-0.013785	0.147119
5.45	-0.00609133	0.153874
5.5	0.00175159	0.156858
5.55	0.00955159	0.156
5.6	0.0171176	0.15132
5.65	0.0242642	0.142932
5.7	0.0308163	0.131043
5.75	0.0366135	0.115943
5.8	0.0415136	0.0980022
5.85	0.0453966	0.0776605
5.9	0.0481674	0.0554162
5.95	0.0497581	0.0318141
6	0.0501298	0.00743266
6.05	0.0492732	-0.0171309
6.1	0.0472095	-0.0412748
6.15	0.0439891	-0.0644074
6.2	0.039691	-0.0859621
6.25	0.0344205	-0.105411
6.3	0.0283066	-0.122277
6.35	0.0214993	-0.136147
6.4	0.0141652	-0.146682
6.45	0.00648407	-0.153623
6.5	-0.00135592	-0.1568
6.55	-0.00916268	-0.156135
6.6	-0.016745	-0.151646
6.65	-0.023917	-0.143441
6.7	-0.0305031	-0.131721
6.75	-0.0363418	-0.116775
6.8	-0.0412902	-0.0989673
6.85	-0.0452269	-0.0787351
6.9	-0.0480556	-0.0565739
6.95	-0.0497069	-0.0330267
7	-0.0501405	-0.00867027
7.05	-0.0493455	0.0158986
7.1	-0.0473416	0.0400779
7.15	-0.0441779	0.0632753
7.2	-0.0399318	0.0849224
7.25	-0.0347073	0.104489
7.3	-0.0286325	0.121496
7.35	-0.0218563	0.135526
7.4	-0.0145445	0.146235
7.45	-0.0068764	0.153362
7.5	0.000960162	0.156731
7.55	0.0087732	0.156261
7.6	0.0163713	0.151962
7.65	0.0235683	0.14394
7.7	0.0301879	0.132392
7.75	0.0360679	0.117599
7.8	0.0410642	0.0999262
7.85	0.0450544	0.0798048
7.9	0.0479408	0.0577281
7.95	0.0496527	0.0342371
8	0.050148	0.00990733
8.05	0.0494148	-0.0146652
8.1	0.0474709	-0.0388784
8.15	0.0443639	-0.0621392
8.2	0.04017	-0.0838775
8.25	0.034992	-0.103561
8.3	0.0289566	-0.120707
8.35	0.0222119	-0.134896
8.4	0.0149229	-0.145779
8.45	0.00726831	-0.153092
8.5	-0.000564348	-0.156653
8.55	-0.00838318	-0.156377
8.6	-0.0159966	-0.152269
8.65	-0.0232181	-0.14443
8.7	-0.0298708	-0.133054
8.75	-0.0357917	-0.118417
8.8	-0.0408356	-0.100879
8.85	-0.0448791	-0.0808695
8.9	-0.047823	-0.0588788
8.95	-0.0495953	-0.0354455
9	-0.0501525	-0.0111438
9.05	-0.0494809	0.0134309
9.1	-0.0475971	0.0376766
9.15	-0.0445472	0.0609992
9.2	-0.0404058	0.0828273
9.25	-0.0352745	0.102626
9.3	-0.029279	0.119911
9.35	-0.0225661	0.134257
9.4	-0.0153004	0.145315
9.45	-0.00765976	0.152812
9.5	0.000168499	0.156565
9.55	0.00799263	0.156483
9.6	0.0156209	0.152566
9.65	0.0228665	0.144912
9.7	0.0295519	0.133707
9.75	0.0355132	0.119227
9.8	0.0406045	0.101825
9.85	0.044701	0.0819292
9.9	0.0477023	0.0600257
9.95	0.0495348	0.0366516
10	0.0501538	0.0123795
