0.05	0.522024	0.380302	0.524989	0.499111
0.1	0.537985	0.257875	0.549825	0.493051
0.15	0.547809	0.135245	0.574128	0.477073
0.2	0.551546	0.0147806	0.597295	0.446911
0.25	0.549359	-0.101341	0.61852	0.398811
0.3	0.541517	-0.211172	0.636824	0.329644
0.35	0.528375	-0.313051	0.651093	0.23709
0.4	0.510367	-0.405643	0.66012	0.119858
0.45	0.487983	-0.487961	0.662664	-0.0221315
0.5	0.461753	-0.559351	0.657513	-0.187626
0.55	0.432236	-0.619476	0.643551	-0.373993
0.6	0.399995	-0.668321	0.619831	-0.57718
0.65	0.365586	-0.706258	0.585643	-0.791642
0.7	0.329536	-0.734182	0.540597	-1.01019
0.75	0.292309	-0.753704	0.484705	-1.22378
0.8	0.254265	-0.767314	0.418483	-1.42146
0.85	0.21562	-0.778374	0.343034	-1.59067
0.9	0.176405	-0.79076	0.260111	-1.71828
0.95	0.136461	-0.808068	0.172097	-1.79272
1	0.0954769	-0.832533	0.0818561	-1.80658
1.05	0.053085	-0.864189	-0.00752444	-1.75871
1.1	0.00897455	-0.900727	-0.0930717	-1.65465
1.15	-0.0370037	-0.938157	-0.172228	-1.50514
1.2	-0.0847786	-0.971816	-0.243053	-1.32376
1.25	-0.134048	-0.997228	-0.304311	-1.12485
1.3	-0.1843	-1.01057	-0.355476	-0.922196
1.35	-0.234852	-1.00882	-0.396679	-0.728315
1.4	-0.284892	-0.989727	-0.428635	-0.553921
1.45	-0.333511	-0.951848	-0.452538	-0.40735
1.5	-0.379753	-0.894631	-0.469926	-0.293905
1.55	-0.422658	-0.818525	-0.482514	-0.215366
1.6	-0.461314	-0.725007	-0.492019	-0.169975
1.65	-0.494907	-0.616424	-0.499989	-0.15305
1.7	-0.522754	-0.495717	-0.507691	-0.158048
1.75	-0.544329	-0.366089	-0.516039	-0.177674
1.8	-0.559268	-0.230777	-0.525582	-0.204677
1.85	-0.567365	-0.0929332	-0.536515	-0.232201
1.9	-0.56857	0.0443815	-0.548702	-0.253758
1.95	-0.562985	0.178167	-0.561686	-0.263053
2	-0.550861	0.305477	-0.574699	-0.253886
2.05	-0.532593	0.423496	-0.586667	-0.220332
2.1	-0.508709	0.529699	-0.596238	-0.157245
2.15	-0.479855	0.62206	-0.601836	-0.0609866
2.2	-0.446758	0.699214	-0.601756	0.0698972
2.25	-0.410199	0.760503	-0.594284	0.234295
2.3	-0.370973	0.805918	-0.577826	0.42854
2.35	-0.329863	0.83599	-0.551029	0.646669
2.4	-0.287613	0.85177	-0.512891	0.880703
2.45	-0.244898	0.85493	-0.462856	1.12075
2.5	-0.202289	0.847997	-0.400912	1.35491
2.55	-0.160207	0.834589	-0.327695	1.5692
2.6	-0.11886	0.819421	-0.244586	1.74786
2.65	-0.0782052	0.807785	-0.153773	1.87487
2.7	-0.0379425	0.804366	-0.0581917	1.93676
2.75	0.00241434	0.811724	0.0386872	1.92627
2.8	0.0434032	0.829285	0.133241	1.84473
2.85	0.0854567	0.853546	0.222127	1.70161
2.9	0.128784	0.879329	0.302616	1.51155
2.95	0.173325	0.901256	0.372771	1.29091
3	0.218768	0.914714	0.43146	1.0554
3.05	0.264596	0.916179	0.478297	0.818986
3.1	0.310143	0.903119	0.513546	0.593733
3.15	0.354636	0.873775	0.538027	0.389764
3.2	0.397229	0.827022	0.553014	0.21508
3.25	0.437039	0.762386	0.560118	0.0751427
3.3	0.473174	0.680164	0.561152	-0.0275942
3.35	0.50478	0.581531	0.55797	-0.0938889
3.4	0.531086	0.468511	0.552313	-0.127384
3.45	0.551436	0.343777	0.545685	-0.133783
3.5	0.565319	0.21037	0.539275	-0.119837
3.55	0.572381	0.0714533	0.533924	-0.0925379
3.6	0.572425	-0.0698196	0.53013	-0.0587337
3.65	0.565412	-0.210314	0.528048	-0.0251594
3.7	0.551459	-0.346863	0.527496	0.0013188
3.75	0.530845	-0.476227	0.527941	0.0135119
3.8	0.504011	-0.595147	0.528485	0.0040331
3.85	0.471557	-0.700537	0.527865	-0.0340995
3.9	0.434227	-0.789777	0.524501	-0.106442
3.95	0.39288	-0.86103	0.516596	-0.215996
4	0.34844	-0.913422	0.502283	-0.362426
4.05	0.301852	-0.947046	0.479799	-0.541874
4.1	0.254034	-0.962833	0.447658	-0.747344
4.15	0.205839	-0.962446	0.404787	-0.969283
4.2	0.15802	-0.948278	0.350646	-1.19608
4.25	0.111188	-0.923587	0.28532	-1.41431
4.3	0.065767	-0.892595	0.209606	-1.60904
4.35	0.0219493	-0.86034	0.125072	-1.76448
4.4	-0.0203336	-0.832009	0.0340645	-1.86578
4.45	-0.0613885	-0.811743	-0.0604101	-1.9018
4.5	-0.101675	-0.801344	-0.154946	-1.86819
4.55	-0.141671	-0.799667	-0.246123	-1.7687
4.6	-0.181729	-0.803126	-0.330891	-1.61401
4.65	-0.221991	-0.806983	-0.406842	-1.41857
4.7	-0.262357	-0.806623	-0.472321	-1.19753
4.75	-0.30252	-0.798317	-0.526401	-0.964771
4.8	-0.342011	-0.779417	-0.568801	-0.732116
4.85	-0.380256	-0.748212	-0.599778	-0.509319
4.9	-0.41661	-0.703683	-0.62003	-0.304242
4.95	-0.450393	-0.645317	-0.630601	-0.122962
5	-0.480909	-0.573028	-0.632796	0.0302512
5.05	-0.507469	-0.487179	-0.628085	0.15307
5.1	-0.529415	-0.388644	-0.618004	0.245193
5.15	-0.546145	-0.278842	-0.604053	0.308242
5.2	-0.557142	-0.159686	-0.587612	0.345442
5.25	-0.561995	-0.033479	-0.569869	0.361141
5.3	-0.560415	0.097221	-0.551774	0.36036
5.35	-0.552244	0.229697	-0.534018	0.348513
5.4	-0.537463	0.361115	-0.517012	0.33133
5.45	-0.516199	0.488534	-0.500872	0.314927
5.5	-0.488727	0.608907	-0.485397	0.305853
5.55	-0.455477	0.719143	-0.47005	0.310928
5.6	-0.417032	0.816266	-0.453957	0.33674
5.65	-0.374113	0.897666	-0.435936	0.388792
5.7	-0.327561	0.961385	-0.41458	0.470484
5.75	-0.278289	1.00636	-0.388382	0.582252
5.8	-0.227239	1.03254	-0.355898	0.721171
5.85	-0.175334	1.04082	-0.315912	0.881084
5.9	-0.123426	1.03303	-0.267584	1.05315
5.95	-0.0722575	1.01173	-0.210574	1.2265
6	-0.0224239	0.980219	-0.145114	1.389
6.05	0.0256576	0.942311	-0.0720662	1.52797
6.1	0.0717682	0.902043	0.00708714	1.63133
6.15	0.115885	0.863083	0.0903011	1.689
6.2	0.158143	0.828007	0.175115	1.69468
6.25	0.198767	0.797714	0.258876	1.64713
6.3	0.237981	0.7713	0.339002	1.55037
6.35	0.275925	0.746489	0.413225	1.41257
6.4	0.312608	0.72038	0.479747	1.24414
6.45	0.347894	0.690167	0.537308	1.05586
6.5	0.381519	0.653599	0.585167	0.857603
6.55	0.413122	0.609137	0.623042	0.657742
6.6	0.442286	0.555912	0.651028	0.462992
6.65	0.468561	0.493597	0.669514	0.278539
6.7	0.491495	0.422262	0.679118	0.108223
6.75	0.510643	0.342271	0.680618	-0.0452839
6.8	0.525587	0.254216	0.674899	-0.180327
6.85	0.535943	0.158895	0.662907	-0.296156
6.9	0.541372	0.0573032	0.645604	-0.392832
6.95	0.541589	-0.0493558	0.623931	-0.471139
7	0.536375	-0.159673	0.598774	-0.532507
7.05	0.525587	-0.272035	0.57093	-0.578945
7.1	0.509167	-0.384635	0.541086	-0.612991
7.15	0.487152	-0.495491	0.509788	-0.637692
7.2	0.459682	-0.602467	0.477415	-0.656566
7.25	0.427008	-0.703316	0.444163	-0.67353
7.3	0.389491	-0.795755	0.410024	-0.692731
7.35	0.34761	-0.87757	0.374784	-0.718232
7.4	0.301945	-0.946766	0.338036	-0.753572
7.45	0.253171	-1.00173	0.29922	-0.80123
7.5	0.202028	-1.0414	0.25769	-0.862118
7.55	0.149293	-1.06539	0.212802	-0.935221
7.6	0.0957455	-1.07402	0.164012	-1.01751
7.65	0.0421305	-1.06831	0.110976	-1.10415
7.7	-0.0108731	-1.04987	0.0536267	-1.18893
7.75	-0.0626782	-1.02074	-0.00777156	-1.26494
7.8	-0.112806	-0.983162	-0.0726058	-1.32527
7.85	-0.160891	-0.939375	-0.139934	-1.36379
7.9	-0.206673	-0.891318	-0.208542	-1.37583
7.95	-0.249976	-0.840424	-0.277029	-1.35874
8	-0.290682	-0.787489	-0.343921	-1.31212
8.05	-0.328695	-0.732676	-0.407776	-1.23772
8.1	-0.363913	-0.675652	-0.467286	-1.139
8.15	-0.396213	-0.615806	-0.521345	-1.0205
8.2	-0.425436	-0.552482	-0.569087	-0.887092
8.25	-0.451394	-0.485161	-0.609885	-0.743497
8.3	-0.473881	-0.413573	-0.643336	-0.593862
8.35	-0.492681	-0.337734	-0.669228	-0.4416
8.4	-0.507588	-0.25793	-0.687497	-0.289362
8.45	-0.518416	-0.174671	-0.698198	-0.139125
8.5	-0.525008	-0.0886237	-0.701468	0.00766378
8.55	-0.527244	-0.000556006	-0.697507	0.149918
8.6	-0.525043	0.0887267	-0.686567	0.286738
8.65	-0.518365	0.178426	-0.668939	0.417265
8.7	-0.507207	0.267786	-0.644961	0.540564
8.75	-0.491603	0.35611	-0.615021	0.65555
8.8	-0.471623	0.442766	-0.579565	0.760985
8.85	-0.447364	0.527167	-0.539104	0.855521
8.9	-0.418954	0.608736	-0.494217	0.937815
8.95	-0.386548	0.686861	-0.445547	1.00669
9	-0.350337	0.760842	-0.393786	1.06133
9.05	-0.310547	0.829848	-0.339657	1.10143
9.1	-0.267451	0.89289	-0.28388	1.12739
9.15	-0.221376	0.948825	-0.227137	1.14029
9.2	-0.172708	0.996402	-0.170039	1.14192
9.25	-0.121897	1.03433	-0.113095	1.13456
9.3	-0.0694561	1.06138	-0.0566902	1.12077
9.35	-0.0159576	1.0765	-0.00108292	1.10305
9.4	0.0379817	1.07891	0.0535862	1.08355
9.45	0.0917141	1.06819	0.107269	1.06378
9.5	0.144581	1.04434	0.159973	1.04443
9.55	0.195936	1.00777	0.211718	1.02536
9.6	0.24516	0.959282	0.262498	1.00561
9.65	0.291683	0.899965	0.312243	0.983688
9.7	0.334997	0.831142	0.3608	0.95774
9.75	0.374663	0.75425	0.407918	0.92584
9.8	0.410312	0.67076	0.453255	0.886196
9.85	0.441653	0.582104	0.496383	0.837304
9.9	0.468459	0.489634	0.536812	0.778024
9.95	0.490573	0.394599	0.574	0.707591
10	0.507896	0.298144	0.607377	0.625575
10.05	0.520382	0.201325	0.636361	0.53182
10.1	0.528039	0.105125	0.660364	0.426373
10.15	0.53092	0.0104789	0.678807	0.309445
10.2	0.529127	-0.0817161	0.691123	0.181393
10.25	0.522804	-0.170597	0.696769	0.0427582
10.3	0.512137	-0.255352	0.695235	-0.105656
10.35	0.49735	-0.335246	0.68606	-0.262653
10.4	0.478703	-0.409681	0.668855	-0.426484
10.45	0.45648	-0.47826	0.643338	-0.594661
10.5	0.430977	-0.540872	0.609372	-0.763771
10.55	0.402488	-0.597776	0.567019	-0.929336
10.6	0.371284	-0.649659	0.51659	-1.08577
10.65	0.337588	-0.697628	0.458702	-1.22654
10.7	0.301563	-0.743089	0.394315	-1.34458
10.75	0.263296	-0.787487	0.324738	-1.43309
10.8	0.222812	-0.831939	0.251593	-1.48655
10.85	0.180094	-0.876841	0.176723	-1.5018
10.9	0.135129	-0.921599	0.102054	-1.4788
10.95	0.0879622	-0.964605	0.0294299	-1.42082
11	0.0387376	-1.00344	-0.0395439	-1.33399
11.05	-0.0122652	-1.03525	-0.103622	-1.22647
11.1	-0.0646208	-1.05708	-0.161999	-1.10748
11.15	-0.117762	-1.06627	-0.214335	-0.986315
11.2	-0.170999	-1.06061	-0.260738	-0.871466
11.25	-0.223549	-1.03859	-0.301705	-0.769866
11.3	-0.274573	-0.999488	-0.338027	-0.686253
11.35	-0.323215	-0.943434	-0.370669	-0.622792
11.4	-0.368649	-0.871402	-0.400638	-0.579059
11.45	-0.410116	-0.785084	-0.428862	-0.552402
11.5	-0.446955	-0.686697	-0.456094	-0.538579
11.55	-0.478626	-0.57877	-0.48285	-0.532483
11.6	-0.504717	-0.463948	-0.509382	-0.52877
11.65	-0.52495	-0.344856	-0.53568	-0.52228
11.7	-0.539174	-0.22402	-0.561484	-0.508253
11.75	-0.547363	-0.103819	-0.586308	-0.482401
11.8	-0.549603	0.0135409	-0.609463	-0.440936
11.85	-0.54609	0.126059	-0.630087	-0.380631
11.9	-0.537108	0.231984	-0.647169	-0.298938
11.95	-0.523026	0.329851	-0.659594	-0.194158
12	-0.504277	0.418504	-0.666187	-0.0656237
12.05	-0.481344	0.497103	-0.665767	0.0861669
12.1	-0.454744	0.565104	-0.65721	0.25946
12.15	-0.425015	0.622258	-0.639512	0.451194
12.2	-0.392698	0.668642	-0.611855	0.65693
12.25	-0.358322	0.704758	-0.573682	0.870719
12.3	-0.322376	0.731692	-0.524774	1.08493
12.35	-0.285276	0.751296	-0.465339	1.29007
12.4	-0.247324	0.766295	-0.396106	1.47484
12.45	-0.208666	0.780151	-0.318404	1.62669
12.5	-0.169265	0.796561	-0.234194	1.73327
12.55	-0.128915	0.818551	-0.146003	1.78465
12.6	-0.0872921	0.847487	-0.05674	1.77584
12.65	-0.0440627	0.882487	0.0305936	1.70823
12.7	0.00101011	0.920598	0.113221	1.58926
12.75	0.0479794	0.957594	0.188855	1.43061
12.8	0.0966751	0.98892	0.255848	1.246
12.85	0.146707	1.01039	0.313254	1.04939
12.9	0.197491	1.0185	0.360807	0.853959
12.95	0.248288	1.01055	0.398867	0.671458
13	0.298245	0.984589	0.428334	0.511621
13.05	0.346428	0.93953	0.450529	0.38153
13.1	0.391876	0.875233	0.46705	0.284995
13.15	0.433644	0.792588	0.479596	0.22225
13.2	0.470859	0.693462	0.48979	0.190215
13.25	0.502758	0.580475	0.499039	0.183333
13.3	0.528726	0.456695	0.508429	0.194693
13.35	0.548301	0.325337	0.518692	0.21702
13.4	0.561186	0.18959	0.530197	0.243282
13.45	0.567239	0.0525413	0.542975	0.266869
13.5	0.566469	-0.0828076	0.556734	0.281495
13.55	0.559035	-0.213518	0.570873	0.281045
13.6	0.545242	-0.336743	0.584488	0.259585
13.65	0.525531	-0.449835	0.596389	0.211667
13.7	0.500466	-0.550522	0.605138	0.132914
13.75	0.470714	-0.637095	0.60912	0.0207114
13.8	0.43701	-0.708509	0.606643	-0.125265
13.85	0.400124	-0.764377	0.596063	-0.302852
13.9	0.360829	-0.804884	0.575903	-0.507524
13.95	0.319881	-0.830712	0.544967	-0.732659
14	0.277983	-0.843073	0.502436	-0.969722
14.05	0.235767	-0.843876	0.447968	-1.20825
14.1	0.193742	-0.835987	0.381793	-1.43573
14.15	0.152247	-0.823402	0.304822	-1.63755
14.2	0.111397	-0.811081	0.218732	-1.79777
14.25	0.0710476	-0.804182	0.125998	-1.90104
14.3	0.0308196	-0.806687	0.0297755	-1.93596
14.35	-0.00980453	-0.819989	-0.0663803	-1.89841
14.4	-0.0513325	-0.842303	-0.158925	-1.79296
14.45	-0.0941151	-0.869333	-0.244735	-1.63134
14.5	-0.138255	-0.895693	-0.32138	-1.42912
14.55	-0.183587	-0.916226	-0.38724	-1.20253
14.6	-0.229709	-0.926705	-0.44148	-0.966703
14.65	-0.276036	-0.923968	-0.48398	-0.734956
14.7	-0.321847	-0.905756	-0.515236	-0.51872
14.75	-0.366327	-0.870519	-0.53627	-0.32743
14.8	-0.408599	-0.817349	-0.548517	-0.168206
14.85	-0.447759	-0.746056	-0.553701	-0.0453544
14.9	-0.482913	-0.657309	-0.553681	0.0400512
14.95	-0.513224	-0.552685	-0.550288	0.0901531
15	-0.537956	-0.434555	-0.545177	0.109722
15.05	-0.556503	-0.305826	-0.539719	0.105165
15.1	-0.568414	-0.16965	-0.534946	0.0835338
15.15	-0.573396	-0.029219	-0.531534	0.0518626
15.2	-0.571317	0.112312	-0.529813	0.0169767
15.25	-0.562199	0.251799	-0.529777	-0.0143552
15.3	-0.546224	0.38605	-0.531074	-0.0351587
15.35	-0.523736	0.511816	-0.532996	-0.0381634
15.4	-0.495238	0.625898	-0.534471	-0.0161174
15.45	-0.46139	0.72539	-0.53408	0.0374186
15.5	-0.422982	0.807997	-0.530125	0.12697
15.55	-0.380897	0.872293	-0.520752	0.254136
15.6	-0.336066	0.917825	-0.504111	0.417066
15.65	-0.289421	0.945036	-0.478532	0.610553
15.7	-0.241849	0.95513	-0.442677	0.826541
15.75	-0.194162	0.950009	-0.395672	1.05468
15.8	-0.147058	0.932343	-0.33721	1.28266
15.85	-0.101078	0.905736	-0.267641	1.49645
15.9	-0.0565579	0.874779	-0.18806	1.68054
15.95	-0.0135848	0.844732	-0.100349	1.81905
16	0.0280158	0.820617	-0.00715425	1.89792
16.05	0.0686359	0.805869	0.0882893	1.90809
16.1	0.108774	0.801175	0.182478	1.84822
16.15	0.148886	0.804267	0.27205	1.7251
16.2	0.189259	0.810836	0.354143	1.55148
16.25	0.229945	0.81594	0.42661	1.34266
16.3	0.270755	0.81515	0.488073	1.11369
16.35	0.311304	0.805074	0.537867	0.87794
16.4	0.351068	0.783385	0.575942	0.646621
16.45	0.389424	0.74861	0.602758	0.42895
16.5	0.425696	0.699886	0.619189	0.232286
16.55	0.459173	0.636824	0.626432	0.0621676
16.6	0.489139	0.559481	0.625911	-0.0778031
16.65	0.514892	0.468418	0.619182	-0.186125
16.7	0.53577	0.364766	0.607819	-0.263428
16.75	0.551186	0.250219	0.593316	-0.312256
16.8	0.560646	0.126946	0.577002	-0.336617
16.85	0.563776	-0.00255112	0.559981	-0.341441
16.9	0.560332	-0.13557	0.543095	-0.332153
16.95	0.550208	-0.269289	0.526906	-0.314472
17	0.53344	-0.400787	0.511687	-0.294418
17.05	0.510216	-0.527038	0.497397	-0.27842
17.1	0.480876	-0.644922	0.483664	-0.27331
17.15	0.445916	-0.751332	0.469768	-0.286036
17.2	0.405983	-0.843369	0.454654	-0.322986
17.25	0.361859	-0.918631	0.436982	-0.389
17.3	0.314428	-0.975501	0.415228	-0.48635
17.35	0.264628	-1.01334	0.387837	-0.614031
17.4	0.213407	-1.0325	0.353389	-0.767609
17.45	0.161668	-1.03432	0.310766	-0.939574
17.5	0.110229	-1.02093	0.259288	-1.11997
17.55	0.0597807	-0.995246	0.198821	-1.2971
17.6	0.0108501	-0.960859	0.129845	-1.45818
17.65	-0.036228	-0.921843	0.0534889	-1.5902
17.7	-0.0813265	-0.882326	-0.028488	-1.68119
17.75	-0.124512	-0.845789	-0.113787	-1.7219
17.8	-0.165991	-0.81429	-0.199755	-1.70761
17.85	-0.206029	-0.787987	-0.28364	-1.63919
17.9	-0.244851	-0.765229	-0.362869	-1.52275
17.95	-0.282565	-0.7432	-0.435274	-1.36805
18	-0.319131	-0.71876	-0.499223	-1.18636
18.05	-0.354354	-0.689112	-0.553644	-0.988671
18.1	-0.387919	-0.652157	-0.597986	-0.784696
18.15	-0.419425	-0.606545	-0.632144	-0.58246
18.2	-0.448418	-0.551577	-0.656369	-0.388311
18.25	-0.474423	-0.487047	-0.671192	-0.207089
18.3	-0.496965	-0.413112	-0.677353	-0.0423112
18.35	-0.515584	-0.330204	-0.675738	0.10367
18.4	-0.529847	-0.238985	-0.667322	0.22955
18.45	-0.539358	-0.140346	-0.653125	0.33498
18.5	-0.543776	-0.0354052	-0.634158	0.420475
18.55	-0.542816	0.0744848	-0.611389	0.487315
18.6	-0.536271	0.187746	-0.585706	0.537454
18.65	-0.524015	0.302587	-0.557881	0.573429
18.7	-0.506018	0.417023	-0.528549	0.598313
18.75	-0.482355	0.528901	-0.498176	0.61568
18.8	-0.453209	0.635926	-0.467039	0.629562
18.85	-0.418883	0.735725	-0.435205	0.644332
18.9	-0.379797	0.825925	-0.402516	0.66447
18.95	-0.336488	0.904297	-0.368597	0.694162
19	-0.289597	0.968919	-0.332883	0.736762
19.05	-0.23985	1.01836	-0.294671	0.794209
19.1	-0.188028	1.05184	-0.253211	0.866528
19.15	-0.134934	1.06932	-0.207803	0.951578
19.2	-0.0813521	1.07151	-0.15791	1.0451
19.25	-0.0280149	1.05982	-0.103251	1.14107
19.3	0.0244311	1.03622	-0.0438813	1.23229
19.35	0.0754472	1.00303	0.0197711	1.31111
19.4	0.124615	0.962698	0.0869011	1.37026
19.45	0.171637	0.917525	0.156365	1.40358
19.5	0.216319	0.869374	0.226756	1.40684
19.55	0.258545	0.819449	0.296514	1.37818
19.6	0.298243	0.768212	0.36405	1.31826
19.65	0.335342	0.715449	0.427866	1.22998
19.7	0.369751	0.660489	0.48665	1.11784
19.75	0.40134	0.602467	0.53934	0.987171
19.8	0.429933	0.540581	0.585148	0.843385
19.85	0.455324	0.474258	0.623544	0.691465
19.9	0.477281	0.403235	0.65423	0.535638
19.95	0.49557	0.327571	0.677099	0.379276
20	0.509966	0.247604	0.692192	0.224937
20.05	0.520267	0.163885	0.699658	0.0744882
20.1	0.526303	0.0771163	0.699729	-0.07072
20.15	0.527941	-0.0119208	0.692691	-0.209682
20.2	0.525087	-0.102411	0.678878	-0.341572
20.25	0.517689	-0.193548	0.658665	-0.465612
20.3	0.505734	-0.284554	0.632462	-0.580987
20.35	0.489248	-0.37469	0.600726	-0.6868
20.4	0.468292	-0.463243	0.563957	-0.782098
20.45	0.442962	-0.549502	0.522707	-0.865941
20.5	0.413392	-0.632725	0.477568	-0.937519
20.55	0.379753	-0.712097	0.429169	-0.996293
20.6	0.342262	-0.786698	0.378155	-1.04214
20.65	0.30118	-0.855485	0.325165	-1.07546
20.7	0.256829	-0.917298	0.270803	-1.09721
20.75	0.209588	-0.970891	0.215612	-1.10891
20.8	0.159898	-1.015	0.160048	-1.11246
20.85	0.108266	-1.04843	0.104466	-1.11
20.9	0.0552508	-1.07014	0.0491136	-1.10357
20.95	0.0014601	-1.07936	-0.00585563	-1.09493
21	-0.0524693	-1.07565	-0.0603628	-1.08523
21.05	-0.105888	-1.05895	-0.114369	-1.07492
21.1	-0.158153	-1.02961	-0.16784	-1.06369
21.15	-0.20865	-0.98833	-0.220707	-1.05054
21.2	-0.256804	-0.93611	-0.272838	-1.03397
21.25	-0.302098	-0.874163	-0.324018	-1.0122
21.3	-0.34408	-0.803821	-0.373942	-0.983447
21.35	-0.382363	-0.726449	-0.422218	-0.946071
21.4	-0.41663	-0.643378	-0.468383	-0.898777
21.45	-0.446627	-0.555861	-0.511915	-0.84066
21.5	-0.472161	-0.465051	-0.55226	-0.771215
21.55	-0.493095	-0.372002	-0.588845	-0.690286
21.6	-0.50934	-0.277687	-0.621099	-0.597981
21.65	-0.520858	-0.18302	-0.648458	-0.494591
21.7	-0.527651	-0.0888807	-0.670379	-0.380513
21.75	-0.529769	0.00386722	-0.686339	-0.256218
21.8	-0.527302	0.0943701	-0.69584	-0.122257
21.85	-0.520383	0.181793	-0.698414	0.0206784
21.9	-0.509187	0.265344	-0.693637	0.171648
21.95	-0.493925	0.344322	-0.681137	0.329318
22	-0.474841	0.418169	-0.660624	0.491785
22.05	-0.4522	0.486551	-0.631922	0.656391
22.1	-0.426278	0.549436	-0.595008	0.819557
22.15	-0.397343	0.607159	-0.550066	0.97669
22.2	-0.365636	0.660451	-0.497532	1.12222
22.25	-0.331354	0.710384	-0.438143	1.24984
22.3	-0.294633	0.75821	-0.372956	1.35306
22.35	-0.255548	0.805078	-0.303343	1.42602
22.4	-0.214128	0.851686	-0.230933	1.46444
22.45	-0.170384	0.897965	-0.157508	1.46656
22.5	-0.124353	0.942922	-0.0848662	1.43357
22.55	-0.0761441	0.984696	-0.0146702	1.36963
22.6	-0.0259772	1.02081	0.0516873	1.28127
22.65	0.0257963	1.04849	0.113184	1.17664
22.7	0.0786865	1.06505	0.169225	1.06448
22.75	0.132076	1.0681	0.21965	0.953315
22.8	0.18524	1.05582	0.2647	0.850609
22.85	0.237383	1.02709	0.304949	0.762049
22.9	0.287669	0.981588	0.3412	0.691057
22.95	0.33527	0.919814	0.374366	0.638575
23	0.3794	0.843043	0.405346	0.603215
23.05	0.419355	0.753157	0.434921	0.581733
23.1	0.454535	0.652454	0.463677	0.569684
23.15	0.484461	0.543444	0.491964	0.562081
23.2	0.508783	0.42869	0.519876	0.553904
23.25	0.527276	0.310697	0.547266	0.540425
23.3	0.539839	0.191846	0.573758	0.517351
23.35	0.546484	0.0743583	0.598777	0.480881
23.4	0.547331	-0.0397321	0.621568	0.42774
23.45	0.542598	-0.148612	0.641227	0.355247
23.5	0.532584	-0.250719	0.656736	0.261436
23.55	0.517661	-0.344767	0.666996	0.145202
23.6	0.498258	-0.429754	0.670879	0.0064406
23.65	0.474849	-0.504959	0.667279	-0.153847
23.7	0.447934	-0.569926	0.65517	-0.333476
23.75	0.41803	-0.624486	0.633665	-0.529004
23.8	0.385656	-0.66882	0.602083	-0.735617
23.85	0.351309	-0.703578	0.560022	-0.946971
23.9	0.315437	-0.730051	0.507439	-1.155
23.95	0.278407	-0.750326	0.444741	-1.3498
24	0.24046	-0.767304	0.372871	-1.51989
24.05	0.201674	-0.784439	0.29337	-1.65302
24.1	0.161956	-0.805093	0.208376	-1.73795
24.15	0.121065	-0.831605	0.120518	-1.7667
24.2	0.0786877	-0.864454	0.0326919	-1.73675
24.25	0.0345402	-0.901957	-0.0522323	-1.65172
24.3	-0.0115299	-0.940692	-0.131707	-1.52057
24.35	-0.0594782	-0.976348	-0.203722	-1.35557
24.4	-0.10904	-1.00456	-0.266925	-1.17032
24.45	-0.159745	-1.02144	-0.320642	-0.978325
24.5	-0.210942	-1.02383	-0.364855	-0.792084
24.55	-0.261845	-1.0093	-0.40013	-0.622472
24.6	-0.311563	-0.976271	-0.427526	-0.478112
24.65	-0.35915	-0.924026	-0.448461	-0.364703
24.7	-0.403649	-0.85286	-0.464554	-0.284511
24.75	-0.444142	-0.76409	-0.477449	-0.236304
24.8	-0.4798	-0.659919	-0.488651	-0.21588
24.85	-0.509923	-0.543171	-0.499399	-0.217055
24.9	-0.53396	-0.416978	-0.510599	-0.232758
24.95	-0.551517	-0.284533	-0.522798	-0.255856
25	-0.562361	-0.148958	-0.536195	-0.279581
25.05	-0.566411	-0.013272	-0.550661	-0.297575
25.1	-0.563735	0.11959	-0.565756	-0.303763
25.15	-0.554547	0.246772	-0.580742	-0.292264
25.2	-0.539198	0.365561	-0.594594	-0.257514
25.25	-0.518172	0.473517	-0.606023	-0.194673
25.3	-0.492061	0.568652	-0.613532	-0.100244
25.35	-0.461544	0.649569	-0.615492	0.027335
25.4	-0.427354	0.715513	-0.610255	0.187322
25.45	-0.390246	0.766321	-0.596268	0.376625
25.5	-0.35097	0.802336	-0.572189	0.58999
25.55	-0.310246	0.824381	-0.536986	0.820214
25.6	-0.268742	0.833852	-0.490035	1.05823
25.65	-0.227035	0.832935	-0.431215	1.29299
25.7	-0.185569	0.824856	-0.361008	1.51133
25.75	-0.144597	0.813951	-0.280607	1.69817
25.8	-0.104136	0.805301	-0.191983	1.83766
25.85	-0.0639477	0.803709	-0.0978708	1.91569
25.9	-0.023593	0.812245	-0.00159545	1.92336
25.95	0.0174516	0.831067	0.0932696	1.85987
26	0.0596399	0.857319	0.183323	1.7327
26.05	0.103228	0.886149	0.265698	1.55532
26.1	0.148208	0.912163	0.338282	1.3437
26.15	0.194316	0.930516	0.399764	1.11377
26.2	0.241067	0.937371	0.449596	0.87999
26.25	0.287813	0.929897	0.487911	0.655054
26.3	0.333784	0.906077	0.51543	0.449729
26.35	0.378125	0.864574	0.533358	0.272672
26.4	0.419934	0.804732	0.543274	0.129971
26.45	0.458294	0.726702	0.546982	0.0246219
26.5	0.492318	0.631553	0.546356	-0.0437474
26.55	0.521196	0.521257	0.543169	-0.0785985
26.6	0.544235	0.398487	0.538962	-0.0856531
26.65	0.560888	0.266321	0.534953	-0.0718179
26.7	0.570764	0.127973	0.532009	-0.0442813
26.75	0.573635	-0.0133628	0.530637	-0.0100454
26.8	0.56943	-0.154538	0.531003	0.0240986
26.85	0.558236	-0.292397	0.532932	0.0513335
26.9	0.540299	-0.42373	0.535903	0.0645926
26.95	0.516026	-0.545307	0.539037	0.0566164
27	0.485983	-0.654045	0.541094	0.0204675
27.05	0.450881	-0.747288	0.540516	-0.0495231
27.1	0.411546	-0.823113	0.535518	-0.156661
27.15	0.368878	-0.880515	0.524224	-0.301073
27.2	0.323804	-0.919428	0.50484	-0.479465
27.25	0.277232	-0.940598	0.475815	-0.685432
27.3	0.230017	-0.945468	0.435984	-0.91001
27.35	0.182922	-0.936179	0.384685	-1.14213
27.4	0.136586	-0.915704	0.321859	-1.36885
27.45	0.0914731	-0.88802	0.248134	-1.57548
27.5	0.0478227	-0.858062	0.164911	-1.74609
27.55	0.00561461	-0.831192	0.0743905	-1.86497
27.6	-0.0354276	-0.812054	-0.0205038	-1.91936
27.65	-0.0757647	-0.80316	-0.116354	-1.90279
27.7	-0.115909	-0.803996	-0.209622	-1.81712
27.75	-0.156274	-0.811276	-0.297067	-1.67194
27.8	-0.197064	-0.820175	-0.37606	-1.48157
27.85	-0.238235	-0.825741	-0.444733	-1.26172
27.9	-0.279513	-0.823829	-0.501987	-1.02711
27.95	-0.320442	-0.811401	-0.547411	-0.790478
28	-0.360443	-0.78643	-0.58118	-0.562463
28.05	-0.398854	-0.747645	-0.603948	-0.351745
28.1	-0.434965	-0.694326	-0.616759	-0.165162
28.15	-0.46804	-0.626214	-0.620951	-0.00763869
28.2	-0.497343	-0.543543	-0.618057	0.118006
28.25	-0.522164	-0.447117	-0.609694	0.211207
28.3	-0.541848	-0.33835	-0.597452	0.273588
28.35	-0.555826	-0.219219	-0.582793	0.308597
28.4	-0.563637	-0.0921302	-0.566972	0.320947
28.45	-0.56495	0.0402465	-0.550987	0.316049
28.5	-0.559571	0.175094	-0.535559	0.299648
28.55	-0.547448	0.309506	-0.521115	0.277726
28.6	-0.528677	0.440482	-0.507774	0.256578
28.65	-0.503509	0.564917	-0.495332	0.242929
28.7	-0.472348	0.679643	-0.483238	0.243835
28.75	-0.435758	0.781573	-0.470589	0.266237
28.8	-0.39445	0.867948	-0.456154	0.316109
28.85	-0.349259	0.936646	-0.438451	0.397386
28.9	-0.301102	0.986439	-0.415872	0.511012
28.95	-0.250935	1.01712	-0.386848	0.654464
29	-0.199697	1.02947	-0.350023	0.82184
29.05	-0.148267	1.02517	-0.304408	1.00439
29.1	-0.0974169	1.00671	-0.249511	1.19118
29.15	-0.0477792	0.977295	-0.185426	1.36976
29.2	0.000194576	0.940835	-0.112894	1.52681
29.25	0.0462585	0.901615	-0.0333244	1.64915
29.3	0.0903799	0.86376	0.0512455	1.72516
29.35	0.132712	0.830417	0.138279	1.74677
29.4	0.173522	0.802983	0.224962	1.71117
29.45	0.213099	0.780797	0.30849	1.62153
29.5	0.251651	0.761493	0.386346	1.48599
29.55	0.289243	0.741826	0.456506	1.31562
29.6	0.325773	0.71854	0.517525	1.12225
29.65	0.360991	0.68894	0.568531	0.916861
29.7	0.39453	0.651122	0.609168	0.708865
29.75	0.425947	0.603936	0.639503	0.505895
29.8	0.454758	0.546838	0.659943	0.313919
29.85	0.480463	0.479733	0.671154	0.137423
29.9	0.502568	0.402857	0.673997	-0.0204128
29.95	0.520594	0.316713	0.669459	-0.157595
30	0.534097	0.222053	0.658599	-0.273226
30.05	0.542674	0.119885	0.642495	-0.367425
30.1	0.545981	0.0114753	0.622198	-0.441221
30.15	0.543742	-0.101654	0.598684	-0.496436
30.2	0.535766	-0.217744	0.572823	-0.535562
30.25	0.521951	-0.334823	0.545346	-0.561671
30.3	0.502302	-0.450736	0.516814	-0.578357
30.35	0.476935	-0.563167	0.487599	-0.589702
30.4	0.446084	-0.669683	0.457858	-0.600215
30.45	0.410107	-0.767799	0.427512	-0.614667
30.5	0.369485	-0.855093	0.396246	-0.63777
30.55	0.324816	-0.929364	0.36352	-0.673681
30.6	0.276796	-0.98882	0.328613	-0.725372
30.65	0.226201	-1.03227	0.290697	-0.794032
30.7	0.173845	-1.05926	0.248941	-0.878625
30.75	0.120545	-1.07014	0.202622	-0.975771
30.8	0.0670813	-1.06603	0.151244	-1.07996
30.85	0.0141628	-1.0487	0.0946261	-1.18406
30.9	-0.0376059	-1.02044	0.0329734	-1.27998
30.95	-0.0877425	-0.98385	-0.0330985	-1.35951
31	-0.135895	-0.941511	-0.102578	-1.41513
31.05	-0.181837	-0.895728	-0.174113	-1.44095
31.1	-0.22544	-0.848201	-0.246112	-1.43334
31.15	-0.266644	-0.799828	-0.316872	-1.39146
31.2	-0.305411	-0.750674	-0.384716	-1.31719
31.25	-0.341689	-0.700133	-0.448117	-1.21459
31.3	-0.375384	-0.647211	-0.505793	-1.08918
31.35	-0.406352	-0.590841	-0.556754	-0.946952
31.4	-0.434396	-0.530124	-0.600305	-0.793727
31.45	-0.459282	-0.464481	-0.636029	-0.634623
31.5	-0.480758	-0.393692	-0.66374	-0.473848
31.55	-0.498567	-0.317874	-0.683441	-0.314673
31.6	-0.512468	-0.237424	-0.695275	-0.159526
31.65	-0.522242	-0.152935	-0.699491	-0.0101483
31.7	-0.527706	-0.0651372	-0.696408	0.13222
31.75	-0.528714	0.0251711	-0.686401	0.26667
31.8	-0.525161	0.117162	-0.669885	0.392475
31.85	-0.516984	0.210007	-0.647309	0.508981
31.9	-0.50416	0.302888	-0.619153	0.615548
31.95	-0.486707	0.394996	-0.58593	0.711543
32	-0.464686	0.485508	-0.548185	0.796377
32.05	-0.438198	0.573563	-0.506487	0.869591
32.1	-0.407386	0.658231	-0.461424	0.930962
32.15	-0.372448	0.73849	-0.413587	0.98061
32.2	-0.33363	0.813211	-0.36355	1.01908
32.25	-0.291239	0.88117	-0.311849	1.04739
32.3	-0.245647	0.941078	-0.258957	1.06696
32.35	-0.197287	0.991645	-0.20527	1.07953
32.4	-0.146659	1.03165	-0.151089	1.08699
32.45	-0.0943157	1.06006	-0.0966262	1.09108
32.5	-0.04086	1.07606	-0.0420131	1.0932
32.55	0.0130757	1.07921	0.0126755	1.09417
32.6	0.0668451	1.06943	0.0673885	1.09414
32.65	0.119807	1.04701	0.122063	1.09248
32.7	0.171346	1.01261	0.17659	1.08799
32.75	0.220885	0.967195	0.230787	1.07897
32.8	0.267901	0.911904	0.284381	1.06356
32.85	0.311931	0.848006	0.337005	1.0399
32.9	0.352579	0.776789	0.388207	1.00643
32.95	0.389509	0.699499	0.437465	0.961956
33	0.422447	0.617294	0.484207	0.905768
33.05	0.451174	0.531224	0.527842	0.837615
33.1	0.475521	0.442238	0.567771	0.757634
33.15	0.495364	0.351205	0.603415	0.666252
33.2	0.510621	0.258945	0.634216	0.564063
33.25	0.521251	0.166256	0.659652	0.451735
33.3	0.527253	0.0739407	0.679232	0.329943
33.35	0.528665	-0.0171832	0.692499	0.199353
33.4	0.525568	-0.106289	0.699031	0.0606601
33.45	0.518084	-0.192559	0.698443	-0.0853289
33.5	0.506373	-0.275221	0.690394	-0.237563
33.55	0.490633	-0.353604	0.674606	-0.394582
33.6	0.471093	-0.4272	0.650889	-0.554343
33.65	0.447998	-0.495737	0.619172	-0.714039
33.7	0.421603	-0.55925	0.579547	-0.869973
33.75	0.39215	-0.618126	0.532314	-1.01752
33.8	0.359856	-0.673095	0.478026	-1.15123
33.85	0.32489	-0.725136	0.417521	-1.2652
33.9	0.287373	-0.775285	0.351932	-1.35367
33.95	0.247379	-0.824352	0.282662	-1.4118
34	0.204951	-0.872612	0.211311	-1.43659
34.05	0.160138	-0.919582	0.13957	-1.42754
34.1	0.113035	-0.96395	0.069087	-1.38688
34.15	0.0638193	-1.0037	0.00133178	-1.3194
34.2	0.0127829	-1.03636	-0.0625165	-1.23184
34.25	-0.0396551	-1.05933	-0.121648	-1.13208
34.3	-0.092948	-1.07018	-0.175657	-1.02829
34.35	-0.146436	-1.06686	-0.224538	-0.928086
34.4	-0.199373	-1.04793	-0.268633	-0.837785
34.45	-0.250956	-1.01266	-0.308558	-0.761807
34.5	-0.300367	-0.961131	-0.345091	-0.702316
34.55	-0.346811	-0.89417	-0.379064	-0.659173
34.6	-0.389552	-0.813291	-0.411248	-0.630231
34.65	-0.427941	-0.720509	-0.442265	-0.611866
34.7	-0.461443	-0.618146	-0.472537	-0.599611
34.75	-0.489637	-0.508659	-0.50225	-0.588716
34.8	-0.512231	-0.394503	-0.531354	-0.574561
34.85	-0.529049	-0.278044	-0.55958	-0.552886
34.9	-0.540034	-0.161507	-0.586454	-0.519894
34.95	-0.545233	-0.0469426	-0.611325	-0.472298
35	-0.544792	0.0637953	-0.633394	-0.407353
35.05	-0.538945	0.169078	-0.651735	-0.322932
35.1	-0.527999	0.267519	-0.665338	-0.217631
35.15	-0.512326	0.35799	-0.673139	-0.0908883
35.2	-0.492348	0.439614	-0.674074	0.0569049
35.25	-0.468523	0.511762	-0.66712	0.224315
35.3	-0.441336	0.574056	-0.651356	0.408779
35.35	-0.411284	0.62641	-0.626019	0.606505
35.4	-0.378857	0.669117	-0.590569	0.812316
35.45	-0.34452	0.702997	-0.544764	1.01947
35.5	-0.30868	0.729551	-0.48874	1.21948
35.55	-0.271649	0.751072	-0.423104	1.40216
35.6	-0.233607	0.770558	-0.349005	1.55601
35.65	-0.194571	0.791328	-0.268179	1.66942
35.7	-0.154403	0.81627	-0.182906	1.73257
35.75	-0.112846	0.846959	-0.0958636	1.73964
35.8	-0.0696151	0.883025	-0.0098866	1.69044
35.85	-0.0244915	0.92213	0.0723295	1.59054
35.9	0.0225874	0.96055	0.148486	1.44999
35.95	0.0714811	0.99401	0.216858	1.28134
36	0.121837	1.01839	0.276374	1.09793
36.05	0.173108	1.03011	0.326622	0.912704
36.1	0.224588	1.02632	0.367811	0.737393
36.15	0.275446	1.00494	0.400694	0.581887
36.2	0.324767	0.964736	0.426456	0.453557
36.25	0.3716	0.905414	0.446577	0.356623
36.3	0.415001	0.827703	0.462658	0.291822
36.35	0.454091	0.733309	0.476256	0.256603
36.4	0.488094	0.62471	0.488729	0.245876
36.45	0.516374	0.504864	0.501143	0.253068
36.5	0.538445	0.376917	0.514218	0.271116
36.55	0.553983	0.244012	0.528321	0.293119
36.6	0.562815	0.109195	0.543487	0.312591
36.65	0.564919	-0.0245898	0.559436	0.323434
36.7	0.560421	-0.154485	0.575589	0.319813
36.75	0.549582	-0.277747	0.591083	0.296152
36.8	0.532799	-0.391832	0.604784	0.247373
36.85	0.510589	-0.494545	0.61533	0.169365
36.9	0.483564	-0.584187	0.621188	0.0595715
36.95	0.452407	-0.659659	0.620746	-0.0825356
37	0.417843	-0.720453	0.612422	-0.255244
37.05	0.380607	-0.766587	0.594774	-0.454663
37.1	0.341422	-0.798543	0.566606	-0.674911
37.15	0.300974	-0.817288	0.527062	-0.908258
37.2	0.259887	-0.824434	0.475719	-1.14509
37.25	0.218683	-0.822477	0.412686	-1.37377
37.3	0.177732	-0.815004	0.338706	-1.58053
37.35	0.137198	-0.806627	0.255256	-1.74998
37.4	0.0969998	-0.802371	0.164589	-1.86678
37.45	0.0568194	-0.806461	0.0696687	-1.91856
37.5	0.0161781	-0.820891	-0.0260738	-1.89935
37.55	-0.0254275	-0.84461	-0.119114	-1.81157
37.6	-0.0683773	-0.873881	-0.206248	-1.66521
37.65	-0.112823	-0.903535	-0.284899	-1.47487
37.7	-0.15865	-0.928325	-0.353269	-1.25661
37.75	-0.205499	-0.943768	-0.410353	-1.02585
37.8	-0.252812	-0.946402	-0.455877	-0.796416
37.85	-0.299882	-0.933686	-0.490219	-0.580338
37.9	-0.345894	-0.903838	-0.514304	-0.387677
37.95	-0.389961	-0.85575	-0.529509	-0.226183
38	-0.431158	-0.789069	-0.537527	-0.100748
38.05	-0.468566	-0.704327	-0.540215	-0.0129372
38.1	-0.501314	-0.603013	-0.539421	0.039069
38.15	-0.528629	-0.487461	-0.53683	0.0599191
38.2	-0.54987	-0.360586	-0.533843	0.0560759
38.25	-0.564552	-0.225578	-0.531515	0.0347455
38.3	-0.572346	-0.08567	-0.53054	0.00312987
38.35	-0.57309	0.0559571	-0.531258	-0.0318448
38.4	-0.566774	0.19616	-0.533668	-0.0634121
38.45	-0.55355	0.331772	-0.537428	-0.0846998
38.5	-0.533727	0.459583	-0.541848	-0.0885956
38.55	-0.507775	0.576425	-0.545878	-0.0679834
38.6	-0.476317	0.679394	-0.548128	-0.0164466
38.65	-0.440107	0.766144	-0.546926	0.0706982
38.7	-0.399999	0.835153	-0.540428	0.195404
38.75	-0.356899	0.885825	-0.526777	0.356327
38.8	-0.311719	0.918435	-0.504265	0.548854
38.85	-0.265341	0.933986	-0.471486	0.765544
38.9	-0.218578	0.934142	-0.427467	0.99665
38.95	-0.172144	0.921296	-0.371774	1.23044
39	-0.126611	0.89876	-0.304603	1.45334
39.05	-0.0823578	0.870896	-0.226876	1.65003
39.1	-0.0395231	0.842924	-0.140308	1.80433
39.15	0.00202243	0.82014	-0.0474069	1.90109
39.2	0.0426473	0.806575	0.0486523	1.92941
39.25	0.0828605	0.80364	0.144326	1.88581
39.3	0.123163	0.809615	0.236112	1.77539
39.35	0.163903	0.820364	0.320945	1.6101
39.4	0.205194	0.830768	0.396462	1.40536
39.45	0.246894	0.836023	0.461085	1.17688
39.5	0.288646	0.83233	0.513992	0.938872
39.55	0.329932	0.817003	0.555017	0.703451
39.6	0.370122	0.788277	0.584549	0.480675
39.65	0.408517	0.745055	0.603433	0.278699
39.7	0.444376	0.686754	0.612873	0.103786
39.75	0.476939	0.61327	0.614336	-0.0398589
39.8	0.505456	0.525058	0.609443	-0.15032
39.85	0.529216	0.423201	0.599852	-0.228064
39.9	0.547577	0.309417	0.58714	-0.275728
39.95	0.559996	0.185956	0.572711	-0.297606
40	0.566054	0.0554278	0.557722	-0.299007
40.05	0.565468	-0.0793614	0.543056	-0.285717
40.1	0.558095	-0.215507	0.529296	-0.263736
40.15	0.543944	-0.350029	0.516724	-0.239276
40.2	0.523171	-0.479854	0.505301	-0.218906
40.25	0.49609	-0.601811	0.494649	-0.209615
40.3	0.463174	-0.712712	0.484034	-0.218595
40.35	0.425054	-0.809541	0.47237	-0.252602
40.4	0.382498	-0.889749	0.458265	-0.316958
40.45	0.336387	-0.951554	0.440118	-0.414459
40.5	0.287664	-0.994157	0.41627	-0.544582
40.55	0.237289	-1.01778	0.385179	-0.703266
40.6	0.186184	-1.0236	0.345585	-0.883236
40.65	0.135193	-1.01363	0.296662	-1.07463
40.7	0.0850386	-0.990665	0.238126	-1.26566
40.75	0.0362847	-0.958257	0.17032	-1.44321
40.8	-0.010699	-0.920586	0.0942592	-1.59354
40.85	-0.0557608	-0.882097	0.011642	-1.70343
40.9	-0.0989632	-0.846789	-0.0752234	-1.76197
40.95	-0.140539	-0.817311	-0.163583	-1.76262
41	-0.180804	-0.794267	-0.250505	-1.70484
41.05	-0.22005	-0.776149	-0.33318	-1.59413
41.1	-0.258452	-0.759954	-0.409198	-1.44047
41.15	-0.296018	-0.742142	-0.47671	-1.25593
41.2	-0.332584	-0.719459	-0.534478	-1.0526
41.25	-0.36784	-0.689387	-0.581839	-0.841285
41.3	-0.401371	-0.650241	-0.618625	-0.63099
41.35	-0.432697	-0.601065	-0.645076	-0.428935
41.4	-0.461303	-0.541458	-0.66175	-0.240699
41.45	-0.486668	-0.471421	-0.669447	-0.070411
41.5	-0.508276	-0.391268	-0.669139	0.0791173
41.55	-0.525636	-0.301585	-0.661909	0.206304
41.6	-0.53829	-0.203239	-0.64889	0.310728
41.65	-0.545834	-0.0973803	-0.631206	0.393042
41.7	-0.547926	0.0145514	-0.609929	0.454839
41.75	-0.544306	0.13085	-0.586026	0.498508
41.8	-0.534801	0.249574	-0.560331	0.527084
41.85	-0.519343	0.368576	-0.53351	0.544159
41.9	-0.497977	0.485538	-0.506039	0.553825
41.95	-0.470864	0.597998	-0.478175	0.560648
42	-0.438295	0.703398	-0.449939	0.56957
42.05	-0.400685	0.799175	-0.421098	0.585686
42.1	-0.358579	0.882891	-0.391169	0.613815
42.15	-0.312633	0.952426	-0.359448	0.657904
42.2	-0.2636	1.00618	-0.32507	0.720335
42.25	-0.212294	1.04326	-0.287102	0.801342
42.3	-0.159554	1.06359	-0.244661	0.898685
42.35	-0.106203	1.0679	-0.197036	1.00769
42.4	-0.053007	1.05771	-0.143807	1.12163
42.45	-0.000639051	1.03516	-0.0849261	1.23233
42.5	0.0503462	1.00285	-0.0207746	1.33097
42.55	0.0995301	0.963575	0.0478252	1.40891
42.6	0.146633	0.920015	0.119644	1.45863
42.65	0.191498	0.874397	0.193123	1.47464
42.7	0.234063	0.828169	0.266498	1.45424
42.75	0.274314	0.781842	0.337943	1.39777
42.8	0.31224	0.735045	0.405723	1.30839
42.85	0.347795	0.686779	0.46832	1.19139
42.9	0.380873	0.635769	0.524508	1.05315
42.95	0.411306	0.580799	0.57339	0.900234
43	0.438871	0.520936	0.614388	0.738679
43.05	0.463308	0.455632	0.647201	0.573637
43.1	0.48434	0.384736	0.671762	0.40922
43.15	0.501691	0.308434	0.688186	0.248552
43.2	0.515101	0.22718	0.696719	0.0939066
43.25	0.524337	0.141609	0.697704	-0.0531143
43.3	0.529203	0.0524757	0.691554	-0.191395
43.35	0.529539	-0.039402	0.678724	-0.320145
43.4	0.525231	-0.133173	0.659708	-0.43877
43.45	0.516204	-0.227971	0.635024	-0.546793
43.5	0.502431	-0.322915	0.605213	-0.643818
43.55	0.483926	-0.417095	0.570831	-0.729545
43.6	0.46075	-0.50955	0.532449	-0.803826
43.65	0.433016	-0.599249	0.490639	-0.866743
43.7	0.40089	-0.685065	0.445959	-0.91869
43.75	0.364595	-0.76577	0.39894	-0.96044
43.8	0.32442	-0.840048	0.350066	-0.993159
43.85	0.28072	-0.90653	0.29975	-1.01837
43.9	0.23392	-0.96385	0.248325	-1.03782
43.95	0.184509	-1.01073	0.196033	-1.05332
44	0.13304	-1.04605	0.143031	-1.06649
44.05	0.0801113	-1.06898	0.0894019	-1.07854
44.1	0.0263572	-1.07902	0.0351848	-1.09004
44.15	-0.0275732	-1.07605	-0.0195913	-1.10081
44.2	-0.081035	-1.06035	-0.0748695	-1.10991
44.25	-0.133406	-1.03257	-0.130529	-1.11577
44.3	-0.184106	-0.993646	-0.186359	-1.11637
44.35	-0.232604	-0.944721	-0.242042	-1.10953
44.4	-0.278432	-0.887042	-0.297154	-1.09319
44.45	-0.321183	-0.821865	-0.351174	-1.06564
44.5	-0.360514	-0.750383	-0.40351	-1.02567
44.55	-0.396135	-0.673679	-0.453523	-0.97267
44.6	-0.42781	-0.592708	-0.500559	-0.906587
44.65	-0.455348	-0.508305	-0.543971	-0.82785
44.7	-0.478596	-0.421222	-0.583145	-0.737226
44.75	-0.497438	-0.332157	-0.617511	-0.635674
44.8	-0.511791	-0.241803	-0.646547	-0.524205
44.85	-0.521608	-0.150873	-0.669782	-0.40379
44.9	-0.526881	-0.0601186	-0.686791	-0.27531
44.95	-0.527636	0.0296707	-0.697192	-0.13957
45	-0.523944	0.117681	-0.70064	0.00263547
45.05	-0.515912	0.203106	-0.696835	0.150412
45.1	-0.503689	0.285196	-0.685525	0.302611
45.15	-0.487458	0.363311	-0.666526	0.457662
45.2	-0.467432	0.436993	-0.639747	0.613396
45.25	-0.443837	0.506029	-0.605223	0.766896
45.3	-0.416905	0.570504	-0.563156	0.914408
45.35	-0.386856	0.63082	-0.513957	1.05137
45.4	-0.353881	0.687658	-0.458282	1.1726
45.45	-0.318134	0.741847	-0.39705	1.27274
45.5	-0.279727	0.794155	-0.331443	1.34686
45.55	-0.238742	0.84503	-0.262862	1.39124
45.6	-0.19525	0.894349	-0.192848	1.40409
45.65	-0.149346	0.941275	-0.122972	1.386
45.7	-0.101187	0.984265	-0.0547149	1.34003
45.75	-0.0510196	1.02123	0.0106511	1.27137
45.8	0.000795728	1.04978	0.0721552	1.18675
45.85	0.0537781	1.06753	0.129185	1.09364
45.9	0.107332	1.07233	0.181502	0.999455
45.95	0.160766	1.0625	0.229224	0.910788
46	0.21332	1.037	0.272761	0.83276
46.05	0.264199	0.99549	0.312733	0.768537
46.1	0.312609	0.938395	0.349864	0.719126
46.15	0.357797	0.866838	0.384877	0.68349
46.2	0.399079	0.782512	0.418399	0.658932
46.25	0.435869	0.687502	0.450893	0.641649
46.3	0.467689	0.584114	0.482614	0.6273
46.35	0.49418	0.474716	0.513598	0.611472
46.4	0.5151	0.361634	0.543667	0.59
46.45	0.530319	0.247081	0.572441	0.559127
46.5	0.539818	0.133112	0.599368	0.515576
46.55	0.543672	0.0216009	0.623741	0.456589
46.6	0.542047	-0.0857797	0.644731	0.379958
46.65	0.535187	-0.187575	0.661415	0.284094
46.7	0.523403	-0.282558	0.672804	0.168118
46.75	0.507062	-0.369728	0.677889	0.03195
46.8	0.486574	-0.448309	0.675675	-0.12359
46.85	0.462384	-0.517747	0.665235	-0.296697
46.9	0.434957	-0.577735	0.645759	-0.484473
46.95	0.404768	-0.628277	0.616611	-0.682789
47	0.372281	-0.669798	0.577395	-0.88611
47.05	0.337923	-0.703296	0.528033	-1.0873
47.1	0.302057	-0.730473	0.468846	-1.27754
47.15	0.264941	-0.753778	0.400635	-1.44644
47.2	0.226694	-0.776213	0.324746	-1.58278
47.25	0.187282	-0.800824	0.24308	-1.67589
47.3	0.146535	-0.829915	0.158018	-1.71763
47.35	0.104201	-0.864269	0.0722396	-1.70441
47.4	0.0600372	-0.902755	-0.011533	-1.63818
47.45	0.0139024	-0.942535	-0.0908092	-1.52609
47.5	-0.0341739	-0.979733	-0.163554	-1.37889
47.55	-0.0839587	-1.0102	-0.228322	-1.2092
47.6	-0.135017	-1.03008	-0.284314	-1.02996
47.65	-0.186736	-1.03613	-0.331365	-0.853458
47.7	-0.238356	-1.02581	-0.369889	-0.69056
47.75	-0.289013	-0.997382	-0.400797	-0.55004
47.8	-0.337777	-0.950011	-0.42537	-0.437894
47.85	-0.3837	-0.883836	-0.445108	-0.356824
47.9	-0.425865	-0.800006	-0.461562	-0.306119
47.95	-0.463439	-0.700561	-0.476168	-0.282108
48	-0.495705	-0.588187	-0.490124	-0.279058
48.05	-0.522093	-0.465912	-0.504312	-0.290218
48.1	-0.542183	-0.336859	-0.519268	-0.308666
48.15	-0.555717	-0.204099	-0.535189	-0.327785
48.2	-0.562581	-0.0705969	-0.551954	-0.341388
48.25	-0.562812	0.0607843	-0.569139	-0.343645
48.3	-0.556584	0.187288	-0.586036	-0.329009
48.35	-0.544208	0.306313	-0.601671	-0.292305
48.4	-0.526117	0.41552	-0.614823	-0.229048
48.45	-0.502852	0.512976	-0.624076	-0.135943
48.5	-0.47504	0.597271	-0.62789	-0.0113948
48.55	-0.443359	0.66757	-0.624696	0.144153
48.6	-0.408522	0.723571	-0.612998	0.328134
48.65	-0.371239	0.765439	-0.591482	0.535975
48.7	-0.332204	0.793783	-0.559108	0.761246
48.75	-0.292068	0.809735	-0.515202	0.995706
48.8	-0.251407	0.815157	-0.459551	1.22919
48.85	-0.210681	0.81288	-0.392501	1.44944
48.9	-0.170182	0.806829	-0.315064	1.64219
48.95	-0.129982	0.801776	-0.228999	1.79204
49	-0.0899072	0.802494	-0.13682	1.88458
49.05	-0.0495761	0.812416	-0.0416721	1.90972
49.1	-0.0084951	0.832372	0.0529709	1.8646
49.15	0.033795	0.860205	0.1437	1.75466
49.2	0.0775848	0.891521	0.22755	1.59182
49.25	0.122918	0.921045	0.302252	1.39136
49.3	0.169576	0.943787	0.366323	1.16914
49.35	0.217114	0.955644	0.419051	0.939993
49.4	0.264906	0.953496	0.460428	0.717097
49.45	0.312192	0.935072	0.491057	0.511806
49.5	0.358115	0.89882	0.512059	0.333374
49.55	0.401761	0.843901	0.524957	0.188492
49.6	0.442193	0.770312	0.53153	0.0807016
49.65	0.478496	0.679003	0.53365	0.0100704
49.7	0.509828	0.571869	0.533107	-0.0265991
49.75	0.535462	0.451557	0.531465	-0.0349542
49.8	0.554815	0.321159	0.529968	-0.0219767
49.85	0.567464	0.183924	0.529501	0.00500052
49.9	0.573148	0.0430754	0.530583	0.0388486
49.95	0.571764	-0.0982263	0.533387	0.07273
50	0.56337	-0.236841	0.537744	0.0998886
50.05	0.548178	-0.369599	0.543148	0.113409
50.1	0.526561	-0.493316	0.548739	0.106219
50.15	0.499048	-0.604941	0.55331	0.0715128
50.2	0.466313	-0.70181	0.555334	0.00360999
50.25	0.429147	-0.781937	0.553055	-0.101007
50.3	0.388418	-0.844207	0.544609	-0.242874
50.35	0.345029	-0.888401	0.528188	-0.419247
50.4	0.299871	-0.915082	0.502202	-0.624346
50.45	0.253793	-0.925476	0.465411	-0.849846
50.5	0.207565	-0.921464	0.417048	-1.08531
50.55	0.161843	-0.905724	0.356918	-1.31837
50.6	0.117128	-0.881935	0.285488	-1.53478
50.65	0.0737056	-0.854836	0.203981	-1.71872
50.7	0.0316087	-0.829826	0.11443	-1.85397
50.75	-0.0093976	-0.811931	0.0196366	-1.92645
50.8	-0.0497592	-0.804333	-0.0770178	-1.92766
50.85	-0.090009	-0.807222	-0.171928	-1.85738
50.9	-0.130611	-0.817754	-0.261693	-1.72375
50.95	-0.171833	-0.831157	-0.343474	-1.54062
51	-0.213688	-0.842228	-0.415195	-1.32398
51.05	-0.255941	-0.846431	-0.475571	-1.08926
51.1	-0.298159	-0.840339	-0.524048	-0.850086
51.15	-0.339763	-0.821591	-0.560698	-0.617928
51.2	-0.380081	-0.788651	-0.586118	-0.402292
51.25	-0.418375	-0.740578	-0.601332	-0.210783
51.3	-0.453878	-0.676933	-0.607695	-0.0490093
51.35	-0.48581	-0.597806	-0.606787	0.0796675
51.4	-0.513412	-0.503913	-0.600298	0.174359
51.45	-0.535977	-0.396652	-0.589895	0.236623
51.5	-0.552887	-0.278046	-0.577118	0.270085
51.55	-0.563634	-0.150592	-0.563284	0.279783
51.6	-0.567845	-0.0170669	-0.54944	0.271499
51.65	-0.565288	0.119621	-0.536334	0.251297
51.7	-0.555879	0.256499	-0.524406	0.225379
51.75	-0.539685	0.390522	-0.513784	0.200182
51.8	-0.516927	0.518548	-0.504262	0.182538
51.85	-0.487984	0.63736	-0.495284	0.179651
51.9	-0.453398	0.743785	-0.48593	0.198717
51.95	-0.413861	0.834944	-0.474938	0.246097
52	-0.370197	0.908565	-0.460771	0.32621
52.05	-0.323321	0.963263	-0.441742	0.440517
52.1	-0.274193	0.998677	-0.416179	0.586949
52.15	-0.223766	1.01544	-0.3826	0.759955
52.2	-0.172935	1.0151	-0.339879	0.951015
52.25	-0.122503	0.999961	-0.287376	1.14929
52.3	-0.0731347	0.973154	-0.225038	1.34223
52.35	-0.0253188	0.938543	-0.15347	1.51613
52.4	0.0206636	0.900575	-0.0739768	1.65695
52.45	0.0647588	0.863762	0.0114535	1.75168
52.5	0.107123	0.831824	0.100252	1.79045
52.55	0.148058	0.806746	0.189482	1.7687
52.6	0.187909	0.788237	0.276138	1.68834
52.65	0.226954	0.773966	0.357465	1.55717
52.7	0.265318	0.760413	0.431198	1.38672
52.75	0.302946	0.743888	0.495693	1.18973
52.8	0.339605	0.721243	0.549931	0.978282
52.85	0.374929	0.690185	0.593456	0.76284
52.9	0.408458	0.64926	0.626292	0.551977
52.95	0.439677	0.59769	0.648845	0.352483
53	0.468045	0.535198	0.661818	0.169547
53.05	0.493016	0.461876	0.66614	0.00692157
53.1	0.514058	0.378118	0.662891	-0.132995
53.15	0.530665	0.284619	0.653239	-0.2491
53.2	0.542374	0.182385	0.638377	-0.34152
53.25	0.548779	0.0727374	0.619462	-0.411502
53.3	0.549551	-0.0426941	0.597566	-0.46124
53.35	0.544445	-0.162013	0.573628	-0.493691
53.4	0.533319	-0.283097	0.548426	-0.51242
53.45	0.516144	-0.403635	0.522547	-0.521511
53.5	0.493006	-0.521158	0.49636	-0.525534
53.55	0.464121	-0.633072	0.469995	-0.529503
53.6	0.429837	-0.736719	0.443322	-0.538743
53.65	0.390631	-0.829483	0.415943	-0.558574
53.7	0.347111	-0.908959	0.387207	-0.593772
53.75	0.299991	-0.973168	0.356248	-0.647871
53.8	0.250072	-1.02076	0.322075	-0.722445
53.85	0.198202	-1.05119	0.283674	-0.816596
53.9	0.145234	-1.06477	0.240145	-0.926779
53.95	0.0919869	-1.06266	0.190826	-1.04702
54	0.0391994	-1.04674	0.135405	-1.16943
54.05	-0.0124977	-1.0195	0.0739972	-1.28494
54.1	-0.0626091	-0.983799	0.00718388	-1.3841
54.15	-0.110786	-0.94261	-0.0639913	-1.45804
54.2	-0.156824	-0.898636	-0.138075	-1.49944
54.25	-0.200639	-0.853936	-0.213309	-1.50348
54.3	-0.242225	-0.809612	-0.287771	-1.46857
54.35	-0.281608	-0.765721	-0.359542	-1.39642
54.4	-0.318792	-0.721432	-0.426865	-1.29157
54.45	-0.353722	-0.675377	-0.48826	-1.16042
54.5	-0.386275	-0.626061	-0.542587	-1.01009
54.55	-0.416252	-0.572182	-0.589065	-0.847527
54.6	-0.443401	-0.512822	-0.627239	-0.678883
54.65	-0.467435	-0.447502	-0.656937	-0.509228
54.7	-0.488051	-0.376153	-0.678211	-0.342517
54.75	-0.504954	-0.299037	-0.691287	-0.181697
54.8	-0.517867	-0.216659	-0.696515	-0.0288689
54.85	-0.526543	-0.129694	-0.694332	0.114516
54.9	-0.530772	-0.0389207	-0.685238	0.247484
54.95	-0.530385	0.0548157	-0.669769	0.369393
55	-0.525256	0.150628	-0.64849	0.47983
55.05	-0.515303	0.247589	-0.621982	0.578551
55.1	-0.500494	0.344727	-0.590832	0.665475
55.15	-0.480845	0.441007	-0.55563	0.740708
55.2	-0.456426	0.535308	-0.516951	0.804603
55.25	-0.427367	0.626412	-0.475348	0.857823
55.3	-0.39386	0.712992	-0.43133	0.901392
55.35	-0.356167	0.793631	-0.385347	0.936701
55.4	-0.314621	0.866853	-0.337769	0.965461
55.45	-0.26963	0.931187	-0.288878	0.989584
55.5	-0.221674	0.98524	-0.238856	1.01099
55.55	-0.171298	1.0278	-0.187796	1.03135
55.6	-0.119101	1.05793	-0.135718	1.05185
55.65	-0.0657227	1.07503	-0.0825994	1.07297
55.7	-0.0118185	1.07895	-0.0284159	1.09432
55.75	0.0419561	1.06992	0.0268164	1.11465
55.8	0.0949682	1.04859	0.0830004	1.13201
55.85	0.146625	1.0159	0.139927	1.14392
55.9	0.196389	0.97304	0.197258	1.14776
55.95	0.243781	0.921282	0.254526	1.14103
56	0.28839	0.861905	0.31115	1.12168
56.05	0.329864	0.7961	0.36646	1.08831
56.1	0.36791	0.724914	0.419735	1.04024
56.15	0.402281	0.649228	0.470239	0.977512
56.2	0.43277	0.569772	0.517253	0.900796
56.25	0.459206	0.487169	0.560103	0.8112
56.3	0.481444	0.401981	0.59818	0.710081
56.35	0.49937	0.314767	0.630943	0.598861
56.4	0.512897	0.226121	0.657921	0.478892
56.45	0.521969	0.136696	0.678706	0.351367
56.5	0.526566	0.0472177	0.692948	0.21731
56.55	0.526703	-0.0415358	0.700343	0.0776151
56.6	0.522438	-0.128756	0.70063	-0.0668573
56.65	0.513867	-0.213648	0.693594	-0.215142
56.7	0.501124	-0.295482	0.679072	-0.366008
56.75	0.484379	-0.373658	0.656977	-0.517788
56.8	0.463827	-0.447761	0.627315	-0.668217
56.85	0.439674	-0.517625	0.590227	-0.814312
56.9	0.412133	-0.583359	0.546018	-0.952344
56.95	0.381401	-0.645343	0.4952	-1.07793
57	0.347652	-0.704153	0.438513	-1.18629
57.05	0.311028	-0.760415	0.376937	-1.27273
57.1	0.271644	-0.814599	0.311673	-1.33327
57.15	0.229601	-0.866788	0.244088	-1.36529
57.2	0.185006	-0.916502	0.175633	-1.3681
57.25	0.13801	-0.962624	0.107742	-1.34322
57.3	0.0888312	-1.00346	0.0417147	-1.29429
57.35	0.0377861	-1.03693	-0.0213748	-1.22671
57.4	-0.0147013	-1.06078	-0.0807536	-1.14699
57.45	-0.0680958	-1.07288	-0.135986	-1.06201
57.5	-0.121762	-1.07141	-0.186977	-0.978306
57.55	-0.174988	-1.05506	-0.233932	-0.90137
57.6	-0.227009	-1.02318	-0.277294	-0.835097
57.65	-0.277046	-0.975808	-0.317654	-0.781461
57.7	-0.324343	-0.913691	-0.355653	-0.740466
57.75	-0.368192	-0.838175	-0.391884	-0.710372
57.8	-0.407967	-0.751073	-0.426823	-0.688142
57.85	-0.443141	-0.654493	-0.460767	-0.669967
57.9	-0.473295	-0.550679	-0.493819	-0.651761
57.95	-0.498125	-0.441888	-0.525876	-0.629527
58	-0.517437	-0.330296	-0.556643	-0.599599
58.05	-0.531143	-0.217948	-0.585653	-0.558748
58.1	-0.539251	-0.106722	-0.61229	-0.504236
58.15	-0.541862	0.0016857	-0.635812	-0.433837
58.2	-0.539155	0.105777	-0.65538	-0.34587
58.25	-0.531378	0.204257	-0.670087	-0.239252
58.3	-0.518841	0.296029	-0.678986	-0.113571
58.35	-0.501902	0.3802	-0.68113	0.0308305
58.4	-0.48096	0.456069	-0.675609	0.19277
58.45	-0.456442	0.523148	-0.661595	0.370118
58.5	-0.428796	0.581204	-0.638392	0.559664
58.55	-0.398471	0.630341	-0.605498	0.756956
58.6	-0.365902	0.67113	-0.562664	0.956102
58.65	-0.331478	0.704747	-0.50998	1.14962
58.7	-0.295516	0.733073	-0.447947	1.3284
58.75	-0.258217	0.758643	-0.377558	1.4821
58.8	-0.219649	0.78435	-0.300336	1.6
58.85	-0.179735	0.812844	-0.218315	1.67267
58.9	-0.138289	0.845768	-0.133932	1.69386
58.95	-0.0950816	0.883139	-0.0498174	1.66213
59	-0.0499285	0.923181	0.0314577	1.58133
59.05	-0.00277091	0.962712	0.107632	1.45975
59.1	0.0462695	0.997826	0.176938	1.30861
59.15	0.096872	1.02456	0.238206	1.14036
59.2	0.148526	1.03936	0.290896	0.96744
59.25	0.20056	1.03929	0.335066	0.801388
59.3	0.25217	1.02216	0.371316	0.652083
59.35	0.302467	0.986598	0.400682	0.527052
59.4	0.350515	0.932186	0.424506	0.430837
59.45	0.39538	0.859495	0.44427	0.364638
59.5	0.436184	0.770057	0.46144	0.326445
59.55	0.472144	0.666189	0.477308	0.311697
59.6	0.502609	0.550711	0.492899	0.314256
59.65	0.527072	0.42667	0.50891	0.327368
59.7	0.545184	0.297139	0.525701	0.344346
59.75	0.556745	0.165103	0.543304	0.35889
59.8	0.561701	0.0334405	0.561451	0.365121
59.85	0.560141	-0.0950843	0.579585	0.357509
59.9	0.552289	-0.217839	0.596884	0.330859
59.95	0.538494	-0.332394	0.612275	0.280491
60	0.519222	-0.436642	0.624472	0.20261
60.05	0.49503	-0.52892	0.632034	0.0947829
60.1	0.466549	-0.608087	0.633438	-0.0436481
60.15	0.434451	-0.673533	0.627178	-0.211359
60.2	0.399427	-0.725122	0.611866	-0.405046
60.25	0.362166	-0.763145	0.586324	-0.61955
60.3	0.323328	-0.788341	0.549678	-0.84794
60.35	0.283524	-0.802036	0.501442	-1.08147
60.4	0.243281	-0.806375	0.441622	-1.30939
60.45	0.202991	-0.804528	0.370809	-1.51887
60.5	0.162861	-0.800703	0.290286	-1.69529
60.55	0.122873	-0.799681	0.202086	-1.82358
60.6	0.0827728	-0.80577	0.108952	-1.89082
60.65	0.0421333	-0.821441	0.0141549	-1.88953
60.7	0.000471706	-0.846348	-0.078855	-1.82005
60.75	-0.042606	-0.877395	-0.16684	-1.69039
60.8	-0.0872908	-0.909766	-0.247109	-1.5139
60.85	-0.133518	-0.938248	-0.317707	-1.30613
60.9	-0.180973	-0.958177	-0.377459	-1.08256
60.95	-0.22913	-0.96582	-0.425937	-0.857371
61	-0.277302	-0.958372	-0.46338	-0.643103
61.05	-0.324681	-0.933813	-0.490608	-0.450368
61.1	-0.370376	-0.890842	-0.508917	-0.287491
61.15	-0.413449	-0.828934	-0.51995	-0.159935
61.2	-0.452959	-0.748482	-0.525538	-0.0697734
61.25	-0.488009	-0.650864	-0.527531	-0.0155755
61.3	-0.517796	-0.53835	-0.527624	0.00709355
61.35	-0.541644	-0.413838	-0.527242	0.00465747
61.4	-0.559033	-0.280533	-0.527457	-0.0155951
61.45	-0.569605	-0.141697	-0.528976	-0.0463407
61.5	-0.573164	-0.000528103	-0.532149	-0.0805721
61.55	-0.569671	0.139833	-0.536979	-0.111534
61.6	-0.559246	0.276253	-0.543136	-0.132474
61.65	-0.542164	0.40557	-0.549944	-0.136475
61.7	-0.51886	0.524671	-0.556384	-0.116624
61.75	-0.489916	0.630676	-0.561102	-0.0666216
61.8	-0.456051	0.721223	-0.562462	0.0182748
61.85	-0.418079	0.794711	-0.558652	0.140292
61.9	-0.376877	0.850418	-0.547824	0.298554
61.95	-0.333333	0.888454	-0.528255	0.48904
62	-0.288314	0.909626	-0.498493	0.704962
62.05	-0.242629	0.91536	-0.457484	0.937238
62.1	-0.197001	0.907769	-0.404679	1.17479
62.15	-0.152025	0.889851	-0.340131	1.40461
62.2	-0.108121	0.865677	-0.264593	1.61182
62.25	-0.0654776	0.840315	-0.179597	1.78019
62.3	-0.0240178	0.819195	-0.0874902	1.89384
62.35	0.0165905	0.806836	0.00865953	1.94031
62.4	0.0568507	0.805365	0.105318	1.91399
62.45	0.0972937	0.813713	0.198888	1.818
62.5	0.138324	0.828069	0.28613	1.66315
62.55	0.180115	0.843258	0.364472	1.46463
62.6	0.222578	0.854172	0.432134	1.2386
62.65	0.26539	0.856618	0.488124	1.00003
62.7	0.308047	0.847544	0.532145	0.761857
62.75	0.349918	0.82488	0.564499	0.534978
62.8	0.390286	0.787283	0.585982	0.328334
62.85	0.428383	0.733962	0.597789	0.148927
62.9	0.463414	0.664648	0.601413	0.00159855
62.95	0.494586	0.57967	0.598527	-0.111269
63	0.521136	0.480048	0.590859	-0.189914
63.05	0.542374	0.36751	0.580064	-0.237005
63.1	0.55771	0.24437	0.567611	-0.257073
63.15	0.566679	0.113335	0.554714	-0.255772
63.2	0.56896	-0.022691	0.542289	-0.239232
63.25	0.564377	-0.160727	0.530941	-0.213717
63.3	0.552904	-0.297744	0.520961	-0.185604
63.35	0.534671	-0.430637	0.512313	-0.161553
63.4	0.509963	-0.556205	0.50462	-0.148638
63.45	0.479227	-0.671208	0.497141	-0.154197
63.5	0.44307	-0.772542	0.488773	-0.185258
63.55	0.402246	-0.857532	0.478091	-0.247546
63.6	0.357623	-0.924251	0.463439	-0.344345
63.65	0.310143	-0.971743	0.443077	-0.475634
63.7	0.260769	-1.00008	0.415357	-0.637786
63.75	0.210438	-1.01028	0.378896	-0.82387
63.8	0.160013	-1.0042	0.332729	-1.02426
63.85	0.110246	-0.984483	0.276425	-1.22725
63.9	0.0617362	-0.954549	0.210179	-1.41962
63.95	0.0148921	-0.918594	0.134877	-1.58714
64	-0.0301008	-0.88128	0.052118	-1.71562
64.05	-0.0732889	-0.84707	-0.0358217	-1.79257
64.1	-0.114916	-0.819229	-0.126134	-1.8096
64.15	-0.15534	-0.798914	-0.215737	-1.76445
64.2	-0.194915	-0.784895	-0.301611	-1.66164
64.25	-0.233884	-0.774094	-0.381101	-1.51107
64.3	-0.272313	-0.762625	-0.452132	-1.32545
64.35	-0.310073	-0.746781	-0.51328	-1.11787
64.4	-0.346869	-0.723609	-0.563751	-0.900191
64.45	-0.382278	-0.691068	-0.603299	-0.682449
64.5	-0.415798	-0.647925	-0.632131	-0.47275
64.55	-0.446883	-0.593564	-0.650816	-0.277456
64.6	-0.474964	-0.527817	-0.660199	-0.101363
64.65	-0.499477	-0.450861	-0.66133	0.052191
64.7	-0.519871	-0.363192	-0.655389	0.181282
64.75	-0.535631	-0.265636	-0.64362	0.285362
64.8	-0.546289	-0.159368	-0.627259	0.36518
64.85	-0.551447	-0.0459055	-0.607477	0.42262
64.9	-0.55079	0.072923	-0.585325	0.460489
64.95	-0.5441	0.195032	-0.561697	0.482296
65	-0.53127	0.318129	-0.537296	0.492107
65.05	-0.512311	0.439752	-0.512611	0.494471
65.1	-0.487362	0.557295	-0.48789	0.494404
65.15	-0.456695	0.668049	-0.463121	0.497334
65.2	-0.420716	0.769278	-0.438012	0.5089
65.25	-0.37997	0.858353	-0.411995	0.534524
65.3	-0.335123	0.932955	-0.384247	0.57876
65.35	-0.286946	0.991305	-0.353757	0.644508
65.4	-0.236282	1.03237	-0.319425	0.732329
65.45	-0.184002	1.05598	-0.280189	0.840047
65.5	-0.130964	1.06286	-0.235167	0.962762
65.55	-0.0779698	1.05456	-0.183781	1.09324
65.6	-0.0257237	1.03335	-0.125861	1.22254
65.65	0.0251963	1.00202	-0.0617107	1.34081
65.7	0.0743611	0.963667	0.00786965	1.43814
65.75	0.121498	0.92138	0.0816034	1.5056
65.8	0.166478	0.877803	0.157814	1.53629
65.85	0.209288	0.834727	0.234551	1.52635
65.9	0.249972	0.792822	0.309763	1.4755
65.95	0.288583	0.751633	0.381469	1.38695
66	0.325126	0.709874	0.447925	1.26661
66.05	0.359533	0.665861	0.507722	1.12186
66.1	0.391647	0.617943	0.559833	0.960414
66.15	0.42124	0.564799	0.603605	0.789434
66.2	0.448025	0.505571	0.63872	0.615041
66.25	0.471689	0.439874	0.665135	0.442152
66.3	0.491905	0.367728	0.683024	0.274525
66.35	0.508359	0.289466	0.692722	0.114904
66.4	0.520759	0.205646	0.69468	-0.0347904
66.45	0.528843	0.116975	0.68943	-0.173275
66.5	0.532389	0.0242632	0.677554	-0.299743
66.55	0.531216	-0.0716063	0.659664	-0.413743
66.6	0.525191	-0.169689	0.636391	-0.515095
66.65	0.514227	-0.268976	0.608365	-0.603855
66.7	0.498291	-0.368378	0.576211	-0.680325
66.75	0.477407	-0.466708	0.540529	-0.745079
66.8	0.45166	-0.562669	0.501884	-0.799019
66.85	0.421203	-0.654851	0.460787	-0.84341
66.9	0.386263	-0.741736	0.417675	-0.879887
66.95	0.347144	-0.821737	0.372897	-0.91041
67	0.304231	-0.893255	0.326697	-0.937139
67.05	0.257986	-0.954759	0.27921	-0.962236
67.1	0.208945	-1.00489	0.230468	-0.987605
67.15	0.157705	-1.04256	0.180422	-1.01461
67.2	0.104909	-1.06706	0.12897	-1.04379
67.25	0.0512241	-1.0781	0.0760119	-1.07473
67.3	-0.00267888	-1.07586	0.02149	-1.10601
67.35	-0.0561499	-1.06095	-0.0345573	-1.13531
67.4	-0.108579	-1.03436	-0.0919596	-1.15969
67.45	-0.159411	-0.997307	-0.150391	-1.17595
67.5	-0.208158	-0.951156	-0.209367	-1.18101
67.55	-0.254398	-0.897261	-0.268261	-1.17226
67.6	-0.297776	-0.836872	-0.326332	-1.14787
67.65	-0.337995	-0.771054	-0.382771	-1.1069
67.7	-0.374805	-0.700659	-0.436744	-1.04931
67.75	-0.407995	-0.626337	-0.487438	-0.975919
67.8	-0.437382	-0.548588	-0.534095	-0.888111
67.85	-0.462804	-0.467826	-0.576038	-0.787651
67.9	-0.484121	-0.384452	-0.61268	-0.676423
67.95	-0.501213	-0.298911	-0.643531	-0.556235
68	-0.513985	-0.211731	-0.668181	-0.428689
68.05	-0.522369	-0.123534	-0.686299	-0.295132
68.1	-0.526333	-0.0350345	-0.697613	-0.156671
68.15	-0.52588	0.0529871	-0.7019	-0.0142501
68.2	-0.521056	0.139725	-0.698987	0.131225
68.25	-0.511942	0.224396	-0.688744	0.278736
68.3	-0.498662	0.306296	-0.6711	0.426981
68.35	-0.481369	0.384857	-0.646062	0.574217
68.4	-0.460239	0.459706	-0.613734	0.718119
68.45	-0.435462	0.530701	-0.574354	0.855709
68.5	-0.407231	0.597944	-0.528328	0.983375
68.55	-0.375725	0.661746	-0.476251	1.09703
68.6	-0.341107	0.722528	-0.41893	1.19243
68.65	-0.303516	0.780676	-0.357378	1.26566
68.7	-0.26308	0.83634	-0.292785	1.31371
68.75	-0.219927	0.889264	-0.226455	1.33501
68.8	-0.174212	0.938663	-0.159727	1.32985
68.85	-0.126141	0.983215	-0.0938759	1.30047
68.9	-0.0760001	1.02116	-0.0300186	1.25089
68.95	-0.0241689	1.05048	0.0309649	1.18649
69	0.0288697	1.06913	0.0884846	1.11337
69.05	0.0825345	1.07525	0.142259	1.03768
69.1	0.136161	1.06738	0.192304	0.964975
69.15	0.189023	1.04461	0.238881	0.899567
69.2	0.240368	1.00665	0.282429	0.844163
69.25	0.289441	0.953902	0.323481	0.799658
69.3	0.335527	0.887362	0.362565	0.765226
69.35	0.377972	0.808549	0.400136	0.738636
69.4	0.416209	0.719341	0.436507	0.716702
69.45	0.449768	0.621821	0.471823	0.695764
69.5	0.478288	0.518139	0.506038	0.672092
69.55	0.501514	0.410414	0.538928	0.64217
69.6	0.519296	0.300657	0.570099	0.602864
69.65	0.531577	0.190736	0.599013	0.551495
69.7	0.538395	0.0823497	0.62501	0.485864
69.75	0.539864	-0.0229809	0.647332	0.404271
69.8	0.53617	-0.123917	0.66515	0.305529
69.85	0.527565	-0.219299	0.677588	0.189016
69.9	0.51435	-0.308141	0.683754	0.0547273
69.95	0.496874	-0.389628	0.682775	-0.0966394
70	0.475521	-0.463124	0.673829	-0.263588
70.05	0.450702	-0.528203	0.656195	-0.443698
70.1	0.422844	-0.584708	0.629297	-0.633465
70.15	0.392371	-0.632859	0.592766	-0.828117
70.2	0.359686	-0.673379	0.546506	-1.02143
70.25	0.325138	-0.707615	0.490774	-1.20561
70.3	0.288996	-0.737578	0.426251	-1.37142
70.35	0.251409	-0.765807	0.354107	-1.50875
70.4	0.212399	-0.794968	0.276018	-1.60768
70.45	0.17186	-0.827216	0.194116	-1.66025
70.5	0.129608	-0.863501	0.110843	-1.66219
70.55	0.0854521	-0.903134	0.0287372	-1.61406
70.6	0.0392755	-0.943835	-0.0498135	-1.52125
70.65	-0.00889359	-0.982218	-0.122792	-1.39291
70.7	-0.0588439	-1.01444	-0.1887	-1.24043
70.75	-0.110173	-1.03678	-0.246634	-1.07594
70.8	-0.162302	-1.04598	-0.296293	-0.911293
70.85	-0.214507	-1.03943	-0.33794	-0.757143
70.9	-0.265951	-1.0153	-0.372331	-0.622262
70.95	-0.315727	-0.972629	-0.400594	-0.512824
71	-0.362904	-0.911415	-0.424092	-0.431882
71.05	-0.406575	-0.832644	-0.444258	-0.379223
71.1	-0.445906	-0.738182	-0.462437	-0.351734
71.15	-0.480173	-0.630549	-0.479766	-0.344204
71.2	-0.508789	-0.512642	-0.497086	-0.350303
71.25	-0.531316	-0.387487	-0.514913	-0.363412
71.3	-0.547467	-0.25808	-0.533438	-0.377144
71.35	-0.557101	-0.127316	-0.552539	-0.385536
71.4	-0.560222	0.00202779	-0.571809	-0.383036
71.45	-0.556967	0.127302	-0.590574	-0.364455
71.5	-0.547601	0.246025	-0.607906	-0.325028
71.55	-0.532511	0.355969	-0.622659	-0.260658
71.6	-0.512183	0.455271	-0.633504	-0.168306
71.65	-0.487185	0.54253	-0.638995	-0.0464121
71.7	-0.458146	0.616845	-0.637653	0.104809
71.75	-0.425724	0.677791	-0.628057	0.283258
71.8	-0.39059	0.725366	-0.608937	0.485002
71.85	-0.353405	0.759976	-0.579261	0.704365
71.9	-0.314795	0.78251	-0.538328	0.933935
71.95	-0.27533	0.794518	-0.48585	1.16444
72	-0.235479	0.798449	-0.422055	1.38456
72.05	-0.195562	0.797799	-0.347788	1.58096
72.1	-0.155702	0.79696	-0.264601	1.7389
72.15	-0.115791	0.800544	-0.174782	1.84408
72.2	-0.0755109	0.81219	-0.0812629	1.88552
72.25	-0.0344116	0.833295	0.0126228	1.85865
72.3	0.00795479	0.86241	0.103511	1.7668
72.35	0.0519007	0.895705	0.188383	1.62011
72.4	0.0975118	0.928156	0.264843	1.43285
72.45	0.144618	0.954739	0.331249	1.22052
72.5	0.192815	0.971144	0.386727	0.998089
72.55	0.241506	0.973992	0.431117	0.779115
72.6	0.289946	0.960765	0.464895	0.575429
72.65	0.337284	0.929696	0.48908	0.396819
72.7	0.3826	0.879768	0.505119	0.250525
72.75	0.424943	0.810819	0.514744	0.140631
72.8	0.463377	0.723666	0.519802	0.0676779
72.85	0.497035	0.620106	0.522083	0.0288094
72.9	0.525157	0.502733	0.523163	0.0185505
72.95	0.547129	0.374625	0.524301	0.029935
73	0.562495	0.239045	0.526394	0.0555522
73.05	0.570963	0.0992371	0.529973	0.088183
73.1	0.572401	-0.0416332	0.535215	0.12096
73.15	0.566834	-0.180446	0.54196	0.147198
73.2	0.554442	-0.314077	0.549713	0.160156
73.25	0.535564	-0.439405	0.55764	0.152993
73.3	0.510691	-0.553431	0.564566	0.119114
73.35	0.480455	-0.653512	0.56901	0.0529221
73.4	0.445607	-0.737626	0.569255	-0.049219
73.45	0.406979	-0.804567	0.56347	-0.188186
73.5	0.365444	-0.853971	0.549856	-0.361762
73.55	0.321869	-0.886226	0.526799	-0.5648
73.6	0.277091	-0.902342	0.493009	-0.789655
73.65	0.231878	-0.903946	0.44763	-1.02658
73.7	0.1869	-0.893411	0.390343	-1.26387
73.75	0.142684	-0.87409	0.321463	-1.48787
73.8	0.0995635	-0.850446	0.242035	-1.6831
73.85	0.0576229	-0.827793	0.153908	-1.83315
73.9	0.0166783	-0.811396	0.0597292	-1.92297
73.95	-0.0236867	-0.80502	-0.0372044	-1.94224
74	-0.0640096	-0.80959	-0.13327	-1.8886
74.05	-0.104793	-0.822829	-0.224947	-1.76841
74.1	-0.146362	-0.840168	-0.309213	-1.59465
74.15	-0.188789	-0.856257	-0.383784	-1.38333
74.2	-0.231885	-0.866221	-0.447186	-1.15043
74.25	-0.275245	-0.866251	-0.498707	-0.910314
74.3	-0.318299	-0.853647	-0.538304	-0.675293
74.35	-0.360368	-0.826589	-0.566495	-0.455664
74.4	-0.400697	-0.783907	-0.584268	-0.259793
74.45	-0.438487	-0.72497	-0.592978	-0.0939907
74.5	-0.472921	-0.649717	-0.594237	0.0378021
74.55	-0.503196	-0.55876	-0.589789	0.134314
74.6	-0.528557	-0.453461	-0.581373	0.196973
74.65	-0.548336	-0.335874	-0.570597	0.229516
74.7	-0.561982	-0.208573	-0.558837	0.237264
74.75	-0.569079	-0.0744318	-0.547182	0.226339
74.8	-0.569361	0.0635573	-0.536409	0.203107
74.85	-0.56271	0.202361	-0.526971	0.173975
74.9	-0.549162	0.338903	-0.519001	0.145489
74.95	-0.52891	0.470019	-0.512296	0.12453
75	-0.502305	0.592465	-0.506301	0.118373
75.05	-0.469862	0.703015	-0.500089	0.134367
75.1	-0.432252	0.798696	-0.492381	0.179162
75.15	-0.390281	0.87711	-0.481608	0.257598
75.2	-0.344856	0.936725	-0.466024	0.371622
75.25	-0.296932	0.977027	-0.443874	0.519655
75.3	-0.247468	0.998501	-0.413573	0.696573
75.35	-0.197374	1.00251	-0.373869	0.894196
75.4	-0.147473	0.991207	-0.323982	1.10193
75.45	-0.0984607	0.967535	-0.263713	1.30731
75.5	-0.0508641	0.935258	-0.19352	1.49649
75.55	-0.00500367	0.898873	-0.114579	1.65482
75.6	0.0390355	0.863186	-0.0287908	1.76816
75.65	0.0813993	0.832453	0.0612883	1.82491
75.7	0.12241	0.809293	0.152642	1.8186
75.75	0.162461	0.793916	0.242095	1.74959
75.8	0.201897	0.784155	0.326668	1.62496
75.85	0.240909	0.776314	0.403856	1.45641
75.9	0.279492	0.766305	0.471801	1.25747
75.95	0.317443	0.750525	0.529316	1.04126
76	0.354403	0.726273	0.575832	0.819277
76.05	0.389899	0.691769	0.611307	0.601059
76.1	0.423391	0.645983	0.636129	0.394248
76.15	0.454301	0.58844	0.651023	0.204784
76.2	0.482037	0.51907	0.656972	0.037043
76.25	0.506015	0.438146	0.655139	-0.106102
76.3	0.525669	0.346287	0.646796	-0.223278
76.35	0.540477	0.244483	0.633245	-0.314574
76.4	0.549974	0.134105	0.615748	-0.381419
76.45	0.553773	0.0168819	0.595469	-0.426362
76.5	0.551581	-0.105158	0.573422	-0.452805
76.55	0.543214	-0.22975	0.550431	-0.46478
76.6	0.528604	-0.354446	0.52711	-0.466813
76.65	0.507811	-0.476646	0.503833	-0.463889
76.7	0.481027	-0.593624	0.480714	-0.461443
76.75	0.448582	-0.702571	0.457584	-0.465271
76.8	0.41095	-0.800703	0.433983	-0.481235
76.85	0.368736	-0.885425	0.409167	-0.514711
76.9	0.322668	-0.954562	0.382149	-0.569816
76.95	0.273566	-1.0066	0.351787	-0.648598
77	0.222306	-1.04086	0.316901	-0.750418
77.05	0.169773	-1.05759	0.276417	-0.871731
77.1	0.116821	-1.05793	0.229505	-1.00629
77.15	0.0642226	-1.04381	0.175706	-1.14566
77.2	0.0126386	-1.01783	0.115021	-1.27999
77.25	-0.0374138	-0.983082	0.0479657	-1.39876
77.3	-0.0855786	-0.942869	-0.0244246	-1.49178
77.35	-0.131662	-0.900324	-0.100634	-1.55025
77.4	-0.175615	-0.857934	-0.178767	-1.56796
77.45	-0.217484	-0.81712	-0.256701	-1.54223
77.5	-0.257357	-0.778031	-0.332282	-1.47433
77.55	-0.2953	-0.739678	-0.403508	-1.36905
77.6	-0.331309	-0.70035	-0.468682	-1.23356
77.65	-0.365286	-0.658113	-0.526497	-1.07607
77.7	-0.397043	-0.611238	-0.576058	-0.90469
77.75	-0.426311	-0.558442	-0.616855	-0.726638
77.8	-0.452775	-0.498966	-0.648711	-0.547905
77.85	-0.476091	-0.432528	-0.671714	-0.373199
77.9	-0.495913	-0.359242	-0.686158	-0.206048
77.95	-0.511908	-0.279505	-0.692488	-0.0489825
78	-0.523766	-0.193922	-0.691254	0.0962709
78.05	-0.531215	-0.103237	-0.683077	0.228619
78.1	-0.534019	-0.0082998	-0.668618	0.34746
78.15	-0.531989	0.0899529	-0.64856	0.452579
78.2	-0.524985	0.190498	-0.623587	0.544092
78.25	-0.51292	0.292215	-0.594371	0.622422
78.3	-0.495764	0.393874	-0.561553	0.688314
78.35	-0.473556	0.49412	-0.52573	0.742861
78.4	-0.4464	0.591471	-0.487432	0.78754
78.45	-0.414483	0.684324	-0.447109	0.824217
78.5	-0.378071	0.770987	-0.405107	0.855109
78.55	-0.337517	0.849731	-0.361654	0.882665
78.6	-0.293258	0.918873	-0.316854	0.90938
78.65	-0.245815	0.976876	-0.270692	0.937509
78.7	-0.195778	1.02247	-0.22305	0.968756
78.75	-0.143791	1.05475	-0.173749	1.00396
78.8	-0.090533	1.07328	-0.122591	1.04286
78.85	-0.0366923	1.07811	-0.0694239	1.08402
78.9	0.0170581	1.06979	-0.0141924	1.12492
78.95	0.0700837	1.0493	0.0430088	1.16221
79	0.121807	1.01793	0.101905	1.19208
79.05	0.171719	0.977122	0.16203	1.21076
79.1	0.219387	0.928372	0.222738	1.21491
79.15	0.264447	0.87305	0.283236	1.20202
79.2	0.306602	0.812311	0.342631	1.17064
79.25	0.345603	0.747039	0.399986	1.12046
79.3	0.38124	0.677853	0.454374	1.05221
79.35	0.41333	0.605152	0.504931	0.967483
79.4	0.441702	0.529206	0.550883	0.868405
79.45	0.4662	0.450242	0.591571	0.757336
79.5	0.48668	0.36853	0.626455	0.636604
79.55	0.503013	0.284436	0.655106	0.50831
79.6	0.515092	0.198449	0.67719	0.374229
79.65	0.522837	0.111185	0.692456	0.235792
79.7	0.526201	0.0233617	0.700716	0.094144
79.75	0.525177	-0.0642351	0.701833	-0.0497499
79.8	0.519795	-0.150801	0.695719	-0.194957
79.85	0.510127	-0.235566	0.682333	-0.340415
79.9	0.49628	-0.31785	0.661695	-0.484772
79.95	0.478392	-0.397118	0.633903	-0.626237
80	0.456624	-0.473017	0.599158	-0.762481
80.05	0.431149	-0.545408	0.55779	-0.890607
80.1	0.402141	-0.614346	0.510289	-1.00723
80.15	0.369769	-0.680025	0.457321	-1.10867
80.2	0.334189	-0.742674	0.399736	-1.19135
80.25	0.29555	-0.802406	0.338552	-1.25217
80.3	0.253999	-0.85906	0.274918	-1.28911
80.35	0.209704	-0.912073	0.210051	-1.30156
80.4	0.162869	-0.960419	0.145154	-1.29061
80.45	0.113763	-1.00265	0.0813361	-1.25902
80.5	0.0627355	-1.037	0.0195282	-1.21098
80.55	0.0102261	-1.06159	-0.039573	-1.15165
80.6	-0.0432309	-1.07462	-0.0955407	-1.08655
80.65	-0.0970174	-1.07455	-0.148221	-1.02098
80.7	-0.150449	-1.06029	-0.197706	-0.959377
80.75	-0.2028	-1.0313	-0.24428	-0.904912
80.8	-0.253334	-0.987673	-0.288344	-0.859161
80.85	-0.301334	-0.930089	-0.330342	-0.82209
80.9	-0.34613	-0.859767	-0.370676	-0.792243
80.95	-0.387125	-0.778332	-0.409646	-0.767098
81	-0.42381	-0.687674	-0.447412	-0.743497
81.05	-0.455772	-0.589807	-0.483965	-0.718059
81.1	-0.482704	-0.486761	-0.519132	-0.687493
81.15	-0.504395	-0.380494	-0.552579	-0.648814
81.2	-0.52073	-0.272842	-0.583835	-0.599444
81.25	-0.531684	-0.16549	-0.61231	-0.53726
81.3	-0.53731	-0.05996	-0.637319	-0.460596
81.35	-0.537733	0.0423886	-0.658107	-0.368247
81.4	-0.533144	0.140357	-0.673869	-0.25948
81.45	-0.523788	0.232898	-0.683777	-0.134072
81.5	-0.50996	0.31911	-0.687004	0.00763587
81.55	-0.491996	0.39824	-0.682757	0.164644
81.6	-0.470264	0.469707	-0.670312	0.335183
81.65	-0.445159	0.533147	-0.649056	0.516564
81.7	-0.417085	0.588492	-0.618537	0.704999
81.75	-0.38644	0.636086	-0.578522	0.895408
81.8	-0.353592	0.676803	-0.529071	1.08126
81.85	-0.31885	0.712136	-0.470604	1.25456
81.9	-0.282433	0.744166	-0.403977	1.40609
81.95	-0.244447	0.775338	-0.33052	1.5262
82	-0.204874	0.807984	-0.252031	1.60606
82.05	-0.163596	0.843692	-0.170695	1.63934
82.1	-0.120448	0.882728	-0.0889176	1.62371
82.15	-0.0752879	0.9238	-0.00910565	1.5615
82.2	-0.0280768	0.964259	0.0665623	1.45934
82.25	0.0210705	1.00063	0.136321	1.32691
82.3	0.0718569	1.02922	0.198937	1.17556
82.35	0.123805	1.04656	0.253757	1.01699
82.4	0.176276	1.04971	0.300702	0.862301
82.45	0.228501	1.03642	0.340215	0.721187
82.5	0.279619	1.00522	0.373175	0.60118
82.55	0.328715	0.955577	0.400768	0.507029
82.6	0.374875	0.88791	0.424339	0.440328
82.65	0.417227	0.803582	0.445237	0.399597
82.7	0.45499	0.704728	0.464668	0.380843
82.75	0.487502	0.594007	0.483596	0.378444
82.8	0.514241	0.47434	0.50268	0.386053
82.85	0.534836	0.348698	0.522262	0.397291
82.9	0.54906	0.219989	0.542369	0.406114
82.95	0.55683	0.0910025	0.562739	0.406913
83	0.5582	-0.0355966	0.582839	0.39449
83.05	0.553352	-0.157296	0.601887	0.364056
83.1	0.542591	-0.271791	0.618872	0.31135
83.15	0.526327	-0.377073	0.632592	0.232932
83.2	0.505065	-0.471528	0.641697	0.126552
83.25	0.479375	-0.553995	0.644766	-0.00851285
83.3	0.449877	-0.623777	0.640382	-0.171257
83.35	0.417214	-0.680596	0.627223	-0.358914
83.4	0.382033	-0.724566	0.604148	-0.567007
83.45	0.344964	-0.756211	0.570282	-0.789389
83.5	0.3066	-0.776593	0.5251	-1.01817
83.55	0.267463	-0.787517	0.46852	-1.24353
83.6	0.227961	-0.791745	0.401	-1.45362
83.65	0.188338	-0.793047	0.323641	-1.63472
83.7	0.14863	-0.795872	0.238255	-1.7723
83.75	0.108653	-0.804468	0.147359	-1.85327
83.8	0.0680381	-0.82163	0.0540232	-1.86902
83.85	0.0263392	-0.847646	-0.0384209	-1.81798
83.9	-0.0168362	-0.880102	-0.126754	-1.70612
83.95	-0.0617071	-0.914653	-0.208211	-1.54523
84	-0.108252	-0.946246	-0.280703	-1.35005
84.05	-0.156203	-0.97013	-0.342898	-1.13582
84.1	-0.205071	-0.982358	-0.394208	-0.91694
84.15	-0.254193	-0.979875	-0.434731	-0.706299
84.2	-0.302775	-0.960438	-0.465163	-0.514976
84.25	-0.349928	-0.92255	-0.486701	-0.351802
84.3	-0.394709	-0.86552	-0.500916	-0.222771
84.35	-0.436164	-0.78959	-0.509594	-0.130472
84.4	-0.473373	-0.696016	-0.514563	-0.0739118
84.45	-0.505507	-0.586977	-0.517516	-0.0489585
84.5	-0.53186	-0.465325	-0.519883	-0.0493274
84.55	-0.551882	-0.334256	-0.52275	-0.067733
84.6	-0.565183	-0.19704	-0.526834	-0.0967884
84.65	-0.571537	-0.056887	-0.532489	-0.129435
84.7	-0.570875	0.083073	-0.539725	-0.158943
84.75	-0.563284	0.219741	-0.548221	-0.178691
84.8	-0.549007	0.350018	-0.55732	-0.181988
84.85	-0.52844	0.470858	-0.566033	-0.16218
84.9	-0.502127	0.579435	-0.573049	-0.113166
84.95	-0.470741	0.673393	-0.576782	-0.0302391
85	-0.43506	0.751079	-0.575464	0.0890163
85.05	-0.39592	0.81166	-0.567278	0.244137
85.1	-0.354181	0.855088	-0.550506	0.431683
85.15	-0.310687	0.881977	-0.523668	0.645538
85.2	-0.26624	0.893523	-0.48565	0.877326
85.25	-0.221561	0.891562	-0.435807	1.11668
85.3	-0.177265	0.878767	-0.374059	1.35128
85.35	-0.133804	0.858875	-0.300996	1.5668
85.4	-0.0914158	0.83671	-0.217964	1.74727
85.45	-0.0500796	0.817698	-0.127126	1.87645
85.5	-0.00951007	0.80671	-0.0314099	1.94059
85.55	0.030775	0.806535	0.065712	1.93209
85.6	0.071321	0.816818	0.160596	1.85199
85.65	0.112578	0.834213	0.249865	1.70957
85.7	0.154777	0.853631	0.330755	1.51944
85.75	0.197885	0.869746	0.401286	1.29794
85.8	0.24162	0.878011	0.460286	1.06065
85.85	0.285498	0.875009	0.507317	0.821275
85.9	0.328893	0.858353	0.542575	0.591496
85.95	0.371078	0.82644	0.566791	0.381029
86	0.411265	0.778268	0.581131	0.197608
86.05	0.448626	0.713389	0.587097	0.0467342
86.1	0.482328	0.631996	0.586399	-0.0687013
86.15	0.511565	0.535032	0.580822	-0.148644
86.2	0.535599	0.424212	0.572085	-0.195722
86.25	0.553794	0.301899	0.561721	-0.214646
86.3	0.565643	0.170884	0.550992	-0.211374
86.35	0.570787	0.0341602	0.540847	-0.192353
86.4	0.569015	-0.105223	0.531911	-0.164095
86.45	0.560271	-0.244193	0.524484	-0.133122
86.5	0.544654	-0.379626	0.518533	-0.106151
86.55	0.522421	-0.50831	0.513684	-0.0902736
86.6	0.493991	-0.626977	0.509197	-0.0928903
86.65	0.459944	-0.732466	0.503965	-0.121196
86.7	0.421011	-0.822007	0.496545	-0.181225
86.75	0.378044	-0.893543	0.485247	-0.276693
86.8	0.331976	-0.945971	0.468273	-0.408071
86.85	0.283768	-0.979211	0.44389	-0.572213
86.9	0.234362	-0.994121	0.41061	-0.762613
86.95	0.184635	-0.992374	0.367342	-0.969993
87	0.135362	-0.976412	0.313516	-1.18291
87.05	0.0871773	-0.949491	0.249177	-1.38821
87.1	0.0405282	-0.915718	0.175062	-1.57146
87.15	-0.00435985	-0.879865	0.0926484	-1.71773
87.2	-0.0475053	-0.846768	0.00413939	-1.81321
87.25	-0.0891491	-0.82029	-0.0876485	-1.84764
87.3	-0.129677	-0.802224	-0.17953	-1.81688
87.35	-0.169501	-0.791752	-0.268295	-1.72409
87.4	-0.20893	-0.785847	-0.351058	-1.57874
87.45	-0.248093	-0.780357	-0.425509	-1.39395
87.5	-0.286904	-0.771146	-0.490028	-1.18369
87.55	-0.325088	-0.754818	-0.54367	-0.960869
87.6	-0.362226	-0.728953	-0.586091	-0.736508
87.65	-0.397798	-0.692023	-0.617447	-0.519634
87.7	-0.431229	-0.643179	-0.6383	-0.317427
87.75	-0.461911	-0.582068	-0.649528	-0.135397
87.8	-0.489231	-0.508716	-0.652243	0.0225361
87.85	-0.512585	-0.423511	-0.647717	0.154037
87.9	-0.531397	-0.327227	-0.637295	0.258373
87.95	-0.545142	-0.221046	-0.622321	0.336346
88	-0.553363	-0.106561	-0.604065	0.390103
88.05	-0.555691	0.0142847	-0.583662	0.422854
88.1	-0.551865	0.13927	-0.562065	0.438563
88.15	-0.541736	0.265967	-0.540016	0.441736
88.2	-0.525282	0.391788	-0.518019	0.437322
88.25	-0.502617	0.51401	-0.496321	0.430714
88.3	-0.473989	0.629798	-0.474887	0.427738
88.35	-0.439792	0.736269	-0.453384	0.434495
88.4	-0.400564	0.830624	-0.431175	0.456953
88.45	-0.356974	0.910357	-0.407339	0.500255
88.5	-0.309806	0.9735	-0.380741	0.56786
88.55	-0.259922	1.01886	-0.350128	0.660747
88.6	-0.208222	1.04617	-0.314274	0.776937
88.65	-0.155596	1.05608	-0.272125	0.911473
88.7	-0.10288	1.05013	-0.222944	1.05681
88.75	-0.0508105	1.03062	-0.166421	1.20344
88.8	4.69481e-06	1.00049	-0.102755	1.34069
88.85	0.0491169	0.963076	-0.0326919	1.45755
88.9	0.0962489	0.921841	0.0424859	1.54369
88.95	0.14129	0.879885	0.121021	1.59068
89	0.184264	0.83943	0.200809	1.59327
89.05	0.225275	0.801416	0.279583	1.55026
89.1	0.26444	0.765408	0.35512	1.46461
89.15	0.301825	0.729888	0.425436	1.34264
89.2	0.337403	0.692774	0.488916	1.19267
89.25	0.371041	0.65197	0.544383	1.02354
89.3	0.402509	0.605739	0.59109	0.843564
89.35	0.431504	0.552889	0.628678	0.659878
89.4	0.457676	0.492779	0.657113	0.478266
89.45	0.480658	0.42524	0.676615	0.303181
89.5	0.50008	0.350471	0.687596	0.137907
89.55	0.515591	0.268931	0.690608	-0.0152494
89.6	0.52687	0.181268	0.686299	-0.154776
89.65	0.533629	0.0882691	0.675373	-0.2798
89.7	0.535623	-0.00916227	0.658567	-0.389968
89.75	0.532656	-0.110014	0.636624	-0.485361
89.8	0.524583	-0.213159	0.61027	-0.566455
89.85	0.511322	-0.317343	0.580203	-0.634101
89.9	0.492855	-0.421174	0.547065	-0.689536
89.95	0.469236	-0.523118	0.511426	-0.734407
90	0.440602	-0.621504	0.473766	-0.770775
90.05	0.407175	-0.71455	0.43445	-0.801088
90.1	0.369267	-0.800408	0.393713	-0.828087
90.15	0.327284	-0.877242	0.351649	-0.854624
90.2	0.281722	-0.943329	0.308212	-0.883387
90.25	0.233156	-0.997181	0.263235	-0.916551
90.3	0.182227	-1.03767	0.216461	-0.955418
90.35	0.129623	-1.06414	0.167595	-1.00011
90.4	0.0760494	-1.07647	0.116371	-1.04942
90.45	0.0222053	-1.07508	0.0626167	-1.1008
90.5	-0.0312444	-1.06089	0.00631558	-1.15063
90.55	-0.0836914	-1.03521	-0.0523489	-1.19459
90.6	-0.1346	-0.999606	-0.11297	-1.22817
90.65	-0.183514	-0.955714	-0.174922	-1.24718
90.7	-0.230059	-0.905084	-0.237388	-1.24824
90.75	-0.273932	-0.849036	-0.299409	-1.22912
90.8	-0.314889	-0.788568	-0.359948	-1.18895
90.85	-0.352727	-0.724334	-0.417959	-1.12817
90.9	-0.387266	-0.656684	-0.472447	-1.04838
90.95	-0.418341	-0.585762	-0.522519	-0.95195
91	-0.445789	-0.511623	-0.567412	-0.841705
91.05	-0.469451	-0.434338	-0.606507	-0.720523
91.1	-0.489173	-0.354079	-0.639326	-0.591081
91.15	-0.504814	-0.271166	-0.665516	-0.455682
91.2	-0.516253	-0.186081	-0.684827	-0.316197
91.25	-0.523396	-0.0994444	-0.697092	-0.174086
91.3	-0.526184	-0.0119894	-0.702211	-0.0304974
91.35	-0.524595	0.0754915	-0.700133	0.113603
91.4	-0.518648	0.162197	-0.690858	0.257269
91.45	-0.508401	0.247371	-0.674432	0.399411
91.5	-0.493947	0.330355	-0.650965	0.538649
91.55	-0.47541	0.410634	-0.620645	0.673187
91.6	-0.452935	0.48786	-0.583762	0.800757
91.65	-0.426678	0.561859	-0.54073	0.918637
91.7	-0.396803	0.632599	-0.49211	1.02377
91.75	-0.363472	0.700118	-0.438618	1.11303
91.8	-0.326845	0.764418	-0.381121	1.18352
91.85	-0.287086	0.82533	-0.320616	1.23306
91.9	-0.244375	0.882402	-0.258185	1.26052
91.95	-0.198923	0.934812	-0.19493	1.26614
92	-0.150992	0.981361	-0.131908	1.25163
92.05	-0.10091	1.02054	-0.0700522	1.22008
92.1	-0.0490882	1.05067	-0.0101157	1.17562
92.15	0.0039776	1.07004	0.0473737	1.123
92.2	0.0577108	1.07714	0.102129	1.06702
92.25	0.111466	1.07077	0.154093	1.01199
92.3	0.164551	1.05022	0.2034	0.961221
92.35	0.216249	1.01534	0.250322	0.916749
92.4	0.265852	0.966526	0.295192	0.879148
92.45	0.312684	0.904715	0.33834	0.847636
92.5	0.356129	0.831279	0.380027	0.820326
92.55	0.395646	0.747893	0.420399	0.794597
92.6	0.430783	0.656411	0.459463	0.767476
92.65	0.461184	0.558746	0.497074	0.735964
92.7	0.486586	0.456776	0.53294	0.697282
92.75	0.50682	0.352285	0.566642	0.649007
92.8	0.5218	0.246927	0.597647	0.589134
92.85	0.531523	0.142205	0.625335	0.516086
92.9	0.536054	0.0394754	0.649016	0.428705
92.95	0.535524	-0.0600471	0.667953	0.326238
93	0.530121	-0.15528	0.681382	0.20835
93.05	0.520084	-0.245263	0.688532	0.0751557
93.1	0.505697	-0.329158	0.688652	-0.0727123
93.15	0.487282	-0.406264	0.681036	-0.234
93.2	0.465193	-0.47605	0.665061	-0.406693
93.25	0.439804	-0.538219	0.640225	-0.58785
93.3	0.411498	-0.592804	0.606201	-0.773407
93.35	0.380643	-0.640275	0.562899	-0.957999
93.4	0.347572	-0.681648	0.510529	-1.13485
93.45	0.312554	-0.718517	0.449677	-1.29587
93.5	0.275761	-0.75296	0.381356	-1.43207
93.55	0.23726	-0.787228	0.307034	-1.5345
93.6	0.197008	-0.82323	0.228598	-1.59562
93.65	0.15489	-0.861952	0.148242	-1.61083
93.7	0.110772	-0.903029	0.0682934	-1.57962
93.75	0.0645764	-0.944676	-0.00900573	-1.50583
93.8	0.0163424	-0.984008	-0.0817017	-1.39698
93.85	-0.0337285	-1.01757	-0.148283	-1.26304
93.9	-0.0852594	-1.04184	-0.207772	-1.11513
93.95	-0.137705	-1.05366	-0.25975	-0.964396
94	-0.190374	-1.05041	-0.304337	-0.821085
94.05	-0.242462	-1.0302	-0.342128	-0.693784
94.1	-0.293092	-0.99197	-0.374089	-0.588698
94.15	-0.341356	-0.935607	-0.401427	-0.509129
94.2	-0.386363	-0.861936	-0.425435	-0.455304
94.25	-0.427288	-0.77264	-0.447347	-0.424668
94.3	-0.463405	-0.670058	-0.468213	-0.412588
94.35	-0.494118	-0.55693	-0.488819	-0.413237
94.4	-0.51897	-0.436154	-0.509646	-0.4204
94.45	-0.537654	-0.310625	-0.530866	-0.428008
94.5	-0.55	-0.183147	-0.552359	-0.430389
94.55	-0.555981	-0.0563954	-0.573731	-0.422313
94.6	-0.555695	0.0670965	-0.594336	-0.398975
94.65	-0.549365	0.184976	-0.613301	-0.356044
94.7	-0.537326	0.295135	-0.629551	-0.289835
94.75	-0.52001	0.395794	-0.641849	-0.19761
94.8	-0.497929	0.485574	-0.648851	-0.0779015
94.85	-0.471651	0.563529	-0.649179	0.0692358
94.9	-0.441782	0.629124	-0.641497	0.242104
94.95	-0.408947	0.682206	-0.624593	0.437363
95	-0.373767	0.72299	-0.597467	0.650058
95.05	-0.336843	0.752136	-0.559405	0.873589
95.1	-0.298728	0.770905	-0.510065	1.09958
95.15	-0.259892	0.781378	-0.449577	1.31768
95.2	-0.220678	0.786617	-0.378634	1.51553
95.25	-0.181251	0.790589	-0.298592	1.67927
95.3	-0.141567	0.797636	-0.211511	1.79496
95.35	-0.101373	0.81145	-0.120094	1.85118
95.4	-0.0602758	0.833863	-0.0274914	1.84196
95.45	-0.0178536	0.864095	0.0630254	1.76861
95.5	0.0262126	0.898945	0.148432	1.63938
95.55	0.0720412	0.933765	0.226243	1.46717
95.6	0.119506	0.963615	0.294679	1.26686
95.65	0.168245	0.984061	0.352708	1.05329
95.7	0.217695	0.991508	0.400018	0.84025
95.75	0.267133	0.983206	0.436947	0.639914
95.8	0.315719	0.957184	0.464394	0.462515
95.85	0.362535	0.912249	0.483713	0.315778
95.9	0.406622	0.848079	0.496564	0.204301
95.95	0.447032	0.765352	0.504752	0.129116
96	0.482875	0.665744	0.510043	0.0877751
96.05	0.513366	0.551768	0.514009	0.0750723
96.1	0.537862	0.426461	0.517915	0.0841561
96.15	0.555878	0.293077	0.522665	0.107617
96.2	0.56709	0.154864	0.528796	0.138194
96.25	0.571336	0.0149855	0.536489	0.169016
96.3	0.568612	-0.123463	0.545592	0.193482
96.35	0.559065	-0.257411	0.555622	0.20504
96.4	0.542997	-0.383808	0.56577	0.197121
96.45	0.520859	-0.499732	0.574903	0.163401
96.5	0.493242	-0.602583	0.581587	0.098454
96.55	0.460854	-0.690332	0.584163	-0.00138401
96.6	0.424483	-0.761696	0.580845	-0.137258
96.65	0.384966	-0.816186	0.569862	-0.307435
96.7	0.343143	-0.854013	0.549601	-0.507398
96.75	0.29983	-0.875984	0.518738	-0.730206
96.8	0.255787	-0.883473	0.476348	-0.966841
96.85	0.211691	-0.878555	0.422004	-1.20634
96.9	0.16809	-0.864238	0.35588	-1.43573
96.95	0.125356	-0.844655	0.278847	-1.64007
97	0.0836267	-0.824923	0.192563	-1.80308
97.05	0.0427752	-0.8104	0.0994943	-1.90907
97.1	0.00242662	-0.805318	0.00281178	-1.94622
97.15	-0.0379446	-0.811309	-0.0938952	-1.91004
97.2	-0.078865	-0.826762	-0.187034	-1.80493
97.25	-0.12071	-0.847458	-0.273429	-1.64261
97.3	-0.163609	-0.868027	-0.350601	-1.43878
97.35	-0.207424	-0.883327	-0.416886	-1.20972
97.4	-0.251784	-0.889193	-0.471404	-0.970463
97.45	-0.296135	-0.882579	-0.513981	-0.734053
97.5	-0.339798	-0.861373	-0.545043	-0.511555
97.55	-0.382005	-0.824167	-0.565523	-0.312081
97.6	-0.421933	-0.770131	-0.576755	-0.142642
97.65	-0.458733	-0.699042	-0.580367	-0.00778372
97.7	-0.49156	-0.611397	-0.578142	0.0907897
97.75	-0.519617	-0.508501	-0.571875	0.154305
97.8	-0.54219	-0.392421	-0.563235	0.18654
97.85	-0.558683	-0.265791	-0.553652	0.193041
97.9	-0.568642	-0.131568	-0.544254	0.180233
97.95	-0.571764	0.00717819	-0.53584	0.154761
98	-0.5679	0.147361	-0.528879	0.123223
98.05	-0.557055	0.285878	-0.523509	0.0922494
98.1	-0.539393	0.419559	-0.51953	0.0687318
98.15	-0.515234	0.545152	-0.51639	0.05994
98.2	-0.485067	0.659405	-0.513166	0.0732843
98.25	-0.449534	0.759285	-0.508577	0.115599
98.3	-0.409421	0.842292	-0.501034	0.192056
98.35	-0.365615	0.906764	-0.488758	0.305049
98.4	-0.319066	0.952038	-0.469933	0.453493
98.45	-0.270727	0.978441	-0.442891	0.632747
98.5	-0.221517	0.987163	-0.406271	0.835064
98.55	-0.172274	0.980159	-0.359167	1.05021
98.6	-0.123719	0.960159	-0.301237	1.26599
98.65	-0.0764159	0.930755	-0.232786	1.4686
98.7	-0.0307267	0.896394	-0.154845	1.6431
98.75	0.0132244	0.862061	-0.0691973	1.77445
98.8	0.05556	0.832471	0.0216575	1.84954
98.85	0.0966075	0.81089	0.11467	1.85991
98.9	0.136799	0.798127	0.206537	1.80412
98.95	0.176539	0.792328	0.294073	1.68818
99	0.216086	0.789733	0.374541	1.52363
99.05	0.255492	0.785915	0.445859	1.32458
99.1	0.294589	0.776832	0.506658	1.10509
99.15	0.333034	0.759359	0.556237	0.877693
99.2	0.370349	0.731371	0.594472	0.652874
99.25	0.405974	0.691567	0.621711	0.439152
99.3	0.439297	0.639257	0.638686	0.243248
99.35	0.469686	0.574196	0.646419	0.0702185
99.4	0.496506	0.49652	0.646148	-0.0765326
99.45	0.519136	0.406756	0.639235	-0.195298
99.5	0.536995	0.305866	0.627087	-0.286074
99.55	0.54956	0.195257	0.61107	-0.350434
99.6	0.556389	0.0767518	0.592437	-0.391259
99.65	0.557139	-0.0474942	0.572274	-0.412382
99.7	0.551583	-0.175083	0.551454	-0.41828
99.75	0.539618	-0.303444	0.530618	-0.413879
99.8	0.521271	-0.429864	0.510149	-0.404521
99.85	0.496711	-0.551511	0.490153	-0.395981
99.9	0.466249	-0.665456	0.470435	-0.394437
99.95	0.430343	-0.768768	0.450486	-0.406211
100	0.389596	-0.858681	0.429491	-0.437229
100.05	0.344738	-0.932834	0.406362	-0.49219
