0.031564	0.0995163	-0.0304915
0.065413	0.0979471	-0.0619953
0.101473	0.0951316	-0.0938344
0.141369	0.0907258	-0.126555
0.184767	0.084523	-0.158648
0.231725	0.0763477	-0.188699
0.280689	0.0664565	-0.214307
0.328322	0.0557743	-0.233186
0.374541	0.0446879	-0.245556
0.41933	0.033528	-0.251834
0.462604	0.0225957	-0.252566
0.504179	0.0121652	-0.248424
0.543721	0.00249053	-0.240233
0.576437	-0.00521641	-0.230469
0.60924	-0.0125807	-0.21812
0.643366	-0.0197688	-0.202737
0.681432	-0.0271156	-0.182793
0.723008	-0.0342107	-0.158039
0.768094	-0.0406746	-0.128234
0.813373	-0.0457556	-0.0958473
0.856982	-0.0492236	-0.062982
0.898622	-0.0511755	-0.0306663
0.937913	-0.0517753	0.000147547
0.968896	-0.0513952	0.0243519
1.00019	-0.0502549	0.0484616
1.0353	-0.0480873	0.0748428
1.07405	-0.0446422	0.102764
1.11598	-0.0397302	0.131156
1.16097	-0.0331917	0.159008
1.20728	-0.0252271	0.184352
1.2515	-0.0166057	0.204992
1.29333	-0.00768341	0.221024
1.33244	0.00120192	0.232756
1.36431	0.00873853	0.2399
1.39622	0.0164785	0.244842
1.43181	0.0252529	0.247725
1.47069	0.034893	0.247718
1.51237	0.0451574	0.244122
1.55665	0.0558086	0.236383
1.60343	0.0665956	0.22407
1.65279	0.0772476	0.20686
1.70493	0.0874679	0.184527
1.75537	0.096158	0.159493
1.80415	0.103294	0.132745
1.85135	0.108913	0.105112
1.89699	0.113079	0.0773601
1.94097	0.115885	0.0501945
1.9831	0.117452	0.0242696
2.02299	0.117938	0.000214254
2.05466	0.11765	-0.0183028
2.08661	0.116776	-0.0362787
2.12249	0.115128	-0.0554044
2.16224	0.112529	-0.0750461
2.20554	0.108854	-0.0942835
2.25245	0.103998	-0.112252
2.30344	0.0978544	-0.128058
2.35869	0.090413	-0.140475
2.41303	0.0825598	-0.147705
2.46653	0.0745763	-0.149932
2.51938	0.0666987	-0.147445
2.57175	0.0591382	-0.14058
2.62384	0.052082	-0.129709
2.67538	0.0457513	-0.115376
2.72483	0.040447	-0.0987172
2.7724	0.0361777	-0.0804485
2.81821	0.0329278	-0.0612125
2.86224	0.0306609	-0.0416125
2.90434	0.0293156	-0.0222235
2.94419	0.0288005	-0.00361096
2.9766	0.0289287	0.0115049
3.00918	0.0295486	0.0265057
3.04368	0.0307316	0.0420086
3.08193	0.0326574	0.058536
3.12344	0.0354421	0.0754236
3.16805	0.0391836	0.09206
3.21583	0.043968	0.107824
3.26561	0.0496919	0.121661
3.31573	0.0560777	0.132649
3.36647	0.0630223	0.140556
3.41807	0.0704087	0.145149
3.47075	0.0781002	0.146209
3.52475	0.0859402	0.143545
3.58031	0.0937516	0.137013
3.636	0.101115	0.126893
3.68903	0.107522	0.114277
3.73993	0.11298	0.0998181
3.78904	0.117502	0.0840729
3.83651	0.121105	0.0675557
3.88237	0.12382	0.0507444
3.92657	0.125696	0.0340844
3.96893	0.126799	0.0179917
4.00911	0.127217	0.00286743
4.04191	0.127112	-0.00921729
4.07486	0.126613	-0.0209913
4.10982	0.125668	-0.0329538
4.14867	0.124142	-0.045456
4.19095	0.121952	-0.0579336
4.23658	0.119029	-0.0698747
4.28582	0.115312	-0.0807624
4.33937	0.110726	-0.0900378
4.39914	0.105118	-0.0970287
4.46032	0.099059	-0.100402
4.521	0.0929603	-0.0999837
4.58151	0.0870145	-0.0959821
4.63802	0.0817677	-0.0892484
4.69126	0.0772388	-0.080536
4.74217	0.0733908	-0.0703475
4.79119	0.0702122	-0.059118
4.83852	0.0676918	-0.0472466
4.88421	0.0658087	-0.0351038
4.92818	0.0645294	-0.0230344
4.97027	0.0638056	-0.0113615
5.01009	0.063572	-0.000398387
5.04182	0.0636956	0.00816022
5.07381	0.0640916	0.016541
5.1094	0.0648405	0.0254664
5.14882	0.0660296	0.0347425
5.19171	0.0677205	0.0439534
5.23805	0.0699654	0.0527064
5.28823	0.0728152	0.060594
5.34327	0.0763415	0.0671589
5.40294	0.0804967	0.0716447
5.46289	0.0848556	0.0733046
5.52351	0.0892771	0.0720884
5.58193	0.0933893	0.0682624
5.63598	0.0969337	0.0625615
5.6872	0.0999618	0.0554284
5.73625	0.102485	0.0472133
5.78344	0.104504	0.0382357
5.82886	0.106029	0.0287965
5.87245	0.107077	0.019182
5.91407	0.107678	0.00966905
5.95334	0.107878	0.000535845
5.98452	0.107782	-0.0067327
6.01598	0.107455	-0.0140072
6.05062	0.106833	-0.0218708
6.08884	0.105836	-0.0302721
6.13017	0.104404	-0.0389069
6.17441	0.10249	-0.047493
6.22158	0.100052	-0.0557451
6.27191	0.0970489	-0.0633628
6.32597	0.0934363	-0.0700185
6.38502	0.0891341	-0.0753327
6.45043	0.0840816	-0.0787182
6.5152	0.0789449	-0.0794533
6.57963	0.07387	-0.077675
6.64107	0.0692064	-0.0738049
6.69825	0.0651309	-0.0684931
6.7527	0.0615698	-0.0621153
6.80515	0.058495	-0.0549706
6.85598	0.0558926	-0.0473272
6.90538	0.0537485	-0.0394298
6.95342	0.052044	-0.0315008
7.00014	0.0507537	-0.0237407
7.04548	0.0498461	-0.016327
7.0893	0.0492832	-0.00941495
7.13134	0.0490208	-0.00313984
7.17108	0.0490071	0.00237534
7.20738	0.0491784	0.00699042
7.24332	0.0495049	0.0111041
7.28415	0.0500437	0.0151706
7.32978	0.0508241	0.0188836
7.38134	0.0518822	0.0219504
7.44226	0.0532895	0.0239581
7.50333	0.0547685	0.0241858
7.55314	0.0559502	0.0230681
7.60312	0.0570515	0.0208205
7.65036	0.0579657	0.0177257
7.69532	0.0586811	0.0139829
7.73816	0.059192	0.00977027
7.77885	0.0594995	0.00526379
7.81712	0.0596136	0.000647112
7.84768	0.0595742	-0.00325449
7.87847	0.0594115	-0.007339
7.91154	0.0590945	-0.0118523
7.94796	0.0585707	-0.0169208
7.98718	0.0577993	-0.022418
8.02888	0.0567431	-0.028222
8.07292	0.055368	-0.0342027
8.11924	0.0536428	-0.0402179
8.16793	0.0515391	-0.0461108
8.21918	0.0490295	-0.0517089
8.27337	0.046085	-0.0568224
8.3312	0.0426658	-0.061238
8.39413	0.0386957	-0.0647025
8.45653	0.0345887	-0.0666828
8.51768	0.0304881	-0.067196
8.57789	0.0264616	-0.0663509
8.63743	0.0225667	-0.064271
8.69662	0.0188519	-0.0610898
8.75511	0.0153941	-0.0569964
8.81148	0.0123101	-0.0523143
8.86619	0.00958476	-0.0472386
8.91957	0.00720352	-0.0419398
8.97183	0.00515143	-0.0365724
9.02313	0.0034112	-0.0312755
9.0736	0.00196242	-0.0261722
9.118	0.000896662	-0.021869
9.15559	0.000139909	-0.0184243
9.18652	-0.000388322	-0.0157606
9.21812	-0.000845692	-0.0132234
9.24945	-0.00122326	-0.0109124
9.28256	-0.00154744	-0.00871333
9.31681	-0.00181087	-0.00672191
9.35177	-0.00201489	-0.00500409
9.38719	-0.00216633	-0.00360347
9.42294	-0.00227521	-0.00254842
9.45894	-0.00235337	-0.00185651
9.49517	-0.00241372	-0.00153757
9.53167	-0.00246976	-0.0015963
9.56622	-0.00253086	-0.00199624
9.59936	-0.00260762	-0.00268481
9.63331	-0.00271495	-0.00368652
9.66849	-0.00286731	-0.00502365
9.70508	-0.00308115	-0.00671385
9.74313	-0.00337478	-0.00876604
9.78266	-0.00376809	-0.0111786
9.82367	-0.00428223	-0.0139382
9.86615	-0.00493915	-0.0170194
9.91013	-0.00576113	-0.0203842
9.95564	-0.0067704	-0.023982
10.0027	-0.00798872	-0.0277491
